x0	x1	x2	x3	x4	response
5.21896597549	3.87632579435	4.58430178475	2.40145364039	5.57705550933	0.495019071419
0.844700336837	4.07218090516	5.28185896263	0.826521942965	4.13688401494	0.454168061848
5.90514192655	3.68336336143	2.23935866887	1.08499693753	5.48743548675	0.410846641192
2.38961355607	3.72073451476	5.80033613065	4.59850750644	6.01981825444	0.393569997672
2.79378324361	4.18619648139	2.9832308424	5.0905975348	1.47928363569	0.761438038914
2.20017010419	1.61422300052	4.53477198985	5.34352920842	5.7781034693	0.432420860341
2.55480854956	0.492631798623	5.47510203271	2.5710788212	4.24033872671	0.517233326565
0.865937726039	5.18212078542	1.2010189504	0.298448094697	0.237558441493	0.307865927125
1.61721656566	1.85836324404	5.29053581737	2.56556183842	3.46956919839	0.720917611096
1.17143507555	1.54723194127	5.70874419301	2.21554036716	0.60355222017	0.414081783639
5.72043599624	2.95335809446	0.869475242093	5.14895488542	1.04149710102	0.393765527322
4.78800729948	0.137136961652	1.55109896203	2.64341754038	4.3364751838	0.490061886405
4.68181085257	1.79849971741	3.62330935674	4.32945494122	1.69039717552	0.760854624516
3.69397078282	1.32026558924	4.11614978595	5.43463804246	4.22315170572	0.589189921263
5.66441241202	2.70612430637	5.59130915717	1.37814744237	2.27030687379	0.453243464284
1.22630044086	0.323085259245	4.21171471275	4.03422921874	1.29761317629	0.481976810346
1.38665085545	1.47515076264	0.579383398862	2.04961857371	2.51418085582	0.590782941824
4.42475737218	2.95834151166	2.79954376021	0.573360387906	3.48565221408	0.757788766066
3.32541640007	5.11838756322	2.93136628366	2.91771431559	5.14712176079	0.70347852158
0.652972785491	5.69679209187	0.786939650617	1.82702383172	1.91182026438	0.396214272931
5.34195594235	2.7288144581	0.812586233683	5.18877398964	1.78060436552	0.462518955253
1.32141443879	1.36947939277	5.49846323554	5.88549049557	2.7171475091	0.398015868481
1.95929240131	4.96954906218	2.90591458026	2.42681379661	4.06602744898	0.874431250418
5.80708250424	2.17766125169	1.13277513713	5.26069624315	3.61266428506	0.443880481054
4.31047873218	2.57853675405	2.068498487	4.43037775445	1.76488132455	0.882287067538
5.78078954157	3.19275334246	0.524982888111	0.821939398794	0.770243310711	0.349510827548
5.68682093945	4.87843756657	3.69459937189	3.7805494955	0.509189686164	0.433963808159
1.31268201363	0.968951567408	4.76861840761	5.01169801344	3.50897032401	0.515299486989
3.0685800648	1.03706735152	6.04508078717	0.212729301552	1.09411985786	0.338620533223
1.55701476782	2.70303143011	3.47399096645	5.42092233495	3.4341694513	0.743802329621
4.48848091643	4.72723820694	0.364657101521	4.05237045645	1.64421742024	0.497770252196
4.37901616079	5.51750542334	4.60032788252	1.4913124839	5.23699812335	0.433259286282
1.40902009235	0.4655358716	0.964096942753	2.16850354886	5.57645663794	0.39324960472
4.34930953437	1.6795548111	1.41040113529	4.06429920128	4.42682241085	0.701282373761
2.95456268514	0.857871900204	0.133906369418	0.565004390358	5.04324649836	0.358303120491
2.29623821329	0.727762575882	4.11996212785	4.46297986631	4.49919995791	0.613475504725
2.15309055573	1.64550599215	1.81689293888	1.7464143415	3.48739292798	0.929309230063
0.345664930285	4.22024911269	3.90913109325	5.9369248948	3.23450097589	0.433998760714
3.42576496495	4.26042168338	3.94404177933	2.89901093914	2.90961889475	1.30216454211
4.22611650149	4.39136035579	5.07277305474	4.9330897712	2.33691466248	0.591290817953
4.97483999428	5.16669296988	3.41535512928	1.52624491894	1.14836501922	0.516326836651
0.0777570775267	5.39874032968	5.88226756665	5.54953049507	3.90897332649	0.286309290028
2.74457908994	0.836709424186	3.55169407548	5.57332435873	5.47776826614	0.438389483992
0.197261977727	4.93296746771	1.24714879293	0.90908724543	2.41564896762	0.410213103817
0.451968486726	1.21175423971	0.707108808895	5.17474175641	1.23240576602	0.359692452447
2.22221743185	2.58403327136	3.62987957549	1.51685085721	2.8693344745	1.19167819916
1.38352985069	2.68742117358	2.12926414058	0.862704785532	2.85183615507	0.765764473786
1.64683166762	4.28515309841	3.88222757414	0.330026613652	2.08429855044	0.580441146005
5.75341792779	1.5245995753	2.74200507979	5.22919548909	1.00152238177	0.420381730723
5.87950920943	3.34120392498	3.23863709968	6.04749560371	5.4094626278	0.35016849274
0.687698979929	2.96956286014	2.55803185259	2.98698114667	1.22317497165	0.729912358856
3.76148990992	1.98775744085	2.2060669223	3.50196642064	0.607505621205	0.756954638828
3.87079870845	0.827782971521	5.94233740831	3.63076709804	5.38271205245	0.396678208894
2.60775022557	0.64403393187	1.14878500121	3.59027972191	4.74014524461	0.571168490871
1.38557916525	1.98046340446	5.05038458054	5.01820291437	5.2098029388	0.458583943583
5.00986198399	0.086180707522	1.18857448532	4.69987677507	1.44175241261	0.38271846918
4.82255579324	0.426403418844	0.689443944529	5.95436485636	1.25690005433	0.312008125113
2.66536349821	0.0682617528489	4.36858859259	5.16163367077	5.04013238027	0.409585853444
6.03564338462	5.69940845338	5.2343329049	4.78562252988	5.90794197187	0.2622004861
4.26476056941	1.73818322328	0.605845205934	6.01538291458	4.11473294927	0.412219136099
6.00399196651	1.8813001046	2.32310013498	4.42643044443	4.9403550502	0.464396310314
1.2104563541	0.629460262556	3.25281797158	4.75130463145	3.61182059327	0.577126145929
0.420104165915	2.31701777834	4.64048029953	0.755310810068	3.30442937158	0.501383576888
4.66560500131	3.16677851208	0.569670825216	5.14794324812	2.66685796882	0.542499438555
5.91601394617	4.27397212802	3.73747131667	5.7656499485	5.148830401	0.35795723555
0.324830662856	4.1415609577	4.02684211556	4.19376186546	4.48699074599	0.550954898413
5.91932060471	3.42506524063	1.26875433685	4.09372375559	0.573565833632	0.420448262158
2.48507307721	3.90284404105	0.340760630316	4.43007671278	1.05841900974	0.527240200558
1.8326566655	3.32186105933	2.89846549577	4.182242599	0.580418641622	0.728402902894
0.27867078146	3.13713578916	0.876389628199	2.73381588544	2.00773261565	0.555876466237
4.60281471718	1.60575080956	0.495660419202	0.946323144917	0.0717352536666	0.349931939535
5.60791753142	1.70305144339	1.62929667275	1.63373651429	1.28466934736	0.495757009576
2.43466018803	4.46489514903	2.79549424953	1.34668835483	4.86612777057	0.728691861043
5.41891405755	0.611642057402	5.34731028165	3.54467507676	4.57156476806	0.402710220492
0.72394422965	5.58473387097	4.70467886962	2.6031397607	2.96961709426	0.501866182561
4.31096266189	2.5581871562	4.58317571927	3.18604873311	2.68486276866	1.0466609124
4.47692386154	3.70279807023	2.42747930222	0.991225847268	0.508204827625	0.54802850739
2.6705420013	5.04783997694	3.86079972845	5.76356738155	5.38281783341	0.428113478957
5.51284149964	3.85185384284	5.46862918351	4.64507179009	4.09816503103	0.45358910218
3.39045709839	2.85122270678	5.72087135288	1.6407443861	4.52448537367	0.597037601181
3.79596257302	1.44750980046	4.96300727459	5.50674900479	0.196559778126	0.384020928371
4.698158287	4.00783360465	1.71387600903	2.87001436113	3.67938600335	0.906450117443
1.31847606504	5.3595813438	4.4931562788	5.64749603722	1.96077667503	0.421693909568
5.77157627286	5.48079168646	4.98422057512	3.16790212007	0.538237299875	0.346481612574
0.910808530282	4.99788042171	2.06389397323	0.170383960909	5.74685742943	0.335745166163
3.94710406779	4.01403884311	0.891820169162	5.51421096262	3.37859718534	0.560717405259
5.59348533626	1.946781341	0.299000374951	4.82185551147	2.19210173931	0.414891418687
1.94476957789	2.85891615508	1.11121921517	5.12699021996	1.19757989755	0.57228816887
4.02551672642	1.82093342181	4.62626481215	0.444526589193	2.36828242091	0.587677648723
5.90173206951	2.76202258378	4.27960103208	4.30541142321	0.56289679694	0.439413027376
3.53871908394	3.90513128161	3.23757287741	5.72168870464	2.95938943424	0.736639547344
2.64421889689	4.61978102865	1.24939473924	2.00541705459	2.05143598419	0.787162421193
1.41719647935	2.0822061547	1.30533694634	4.42504247491	1.48265318376	0.642980019644
5.60983209124	0.916913445164	2.33319740817	2.26740785264	1.32606798046	0.501659527434
1.13660953308	2.14201900916	0.359089405915	1.15295310774	3.76401262479	0.495587740424
2.16908994685	0.280610041181	5.53076416314	0.829057367465	5.33103371349	0.337416402458
1.9309578044	4.60922300204	4.66979348347	4.6509379062	4.61783663191	0.592991381444
5.58512385117	4.22657355315	1.08226069708	0.569326636395	2.57637901754	0.435678595394
4.31488126908	3.94284845634	0.153274411357	2.41570210105	3.90100423278	0.592594868064
4.4351929495	1.78543706266	5.32828774447	5.82001867026	5.97326709597	0.325217125037
3.60292771921	4.65345908231	5.05717248213	5.42090146932	0.43306334714	0.40356207949
5.05105412214	1.45525735159	4.21228229575	4.3301013783	6.02698133743	0.416762749233
5.69138556349	6.01883007115	1.82211843394	2.56254924701	5.70705101305	0.330427940131
3.24829411382	5.11516342859	5.18250734944	4.87467685265	2.11704150511	0.537838740118
3.1944433099	2.72002774029	3.58517745472	6.02789704109	2.5917398094	0.675974282969
4.71512517742	5.29564890356	4.58554863637	5.14322919087	5.71031220572	0.361469565766
3.95652891931	2.73549165568	0.111932270208	1.7960963104	0.0596183412666	0.409482369431
3.6983331834	2.4043637169	1.75596019501	1.18261523106	5.50421411527	0.589481437533
4.77308461297	1.2944170371	1.84252292162	1.98375237013	3.53556114292	0.72927861696
1.33284815719	4.14253981187	3.54514272741	3.61733976813	0.898709613535	0.705293088389
5.12478090114	2.10005174196	0.700036154108	5.67403890812	4.40969751644	0.404005053886
0.158098206163	1.0033569929	5.62341302014	5.94609076936	6.03266630173	0.239109742608
1.06277621148	0.897361325434	2.5733062471	2.99588353639	4.94999506961	0.582801843565
5.32579913673	2.11676577265	2.40914577016	4.35505919254	2.18757818026	0.712516247661
5.12342839673	0.0970241546105	0.07357213394	0.275984355896	5.50336465501	0.248834875514
4.30370754172	0.128001755389	3.962377375	4.8357092219	4.58689232161	0.459511244877
5.34082930035	5.18096566152	3.04213875527	5.94250577566	1.67338342239	0.38977054245
0.158962787665	3.03757083918	0.215593786981	3.01809299832	5.93544075185	0.339639744488
5.39351627029	5.49623697374	3.6018884331	2.40049602703	4.06519046299	0.531450592735
0.678675238815	2.2305958214	5.94968258986	0.973611110538	2.76559024646	0.419421590518
2.76527513878	3.54691702733	1.3675673984	0.25782579573	1.76494389837	0.586031363404
5.04192763323	3.51502506831	3.35751682081	3.93561551079	3.58191192764	0.927942014585
2.84028683551	5.12407187305	5.20867200645	0.317311769246	4.84945191156	0.399477321229
5.60293263069	2.25420042051	5.90671666261	5.13681427858	4.8885024585	0.345866451596
5.85971551364	4.59838413043	3.66057990644	2.04907008927	3.5808912025	0.57435374704
2.18362442761	2.6792950267	2.99804890797	3.02016171498	5.90626236716	0.703428199369
1.76341302069	0.474610205617	0.35984278739	4.24722931362	4.2242835215	0.436079049336
5.66206919523	0.817245553435	3.39424728444	0.189237685643	0.787104665568	0.335528237778
3.8840699106	4.02458360295	5.90629611679	0.48133312202	0.270569386056	0.343980887887
4.70494902931	3.3296939414	1.62731413329	3.84556064958	3.59575940397	0.911600474279
3.89358368124	3.30182583338	2.90066733288	2.94628662013	4.60045966312	1.18150046251
1.67351261566	2.63628968946	3.77812423851	2.19795555139	4.98748499893	0.827081751832
3.82572313576	3.21597858154	1.31711508029	3.17750451542	2.63117287792	1.14572362597
4.96342739752	1.82130441743	5.07220041313	0.760908610999	3.90491436802	0.490899093202
1.18696124463	2.65600533629	4.87574993994	0.301109170099	5.37395694398	0.402518753405
3.25727740411	3.98262492929	5.21095775209	4.63198152887	0.435282615815	0.496001814508
0.241625045808	2.27043000686	4.69770749353	2.11373013125	3.98186929387	0.562662068543
5.02197642994	0.642146522036	1.46419819254	1.29188777093	2.82589002799	0.501139828306
3.95362403758	4.38179189067	3.18092250801	5.32933302679	1.5521197387	0.650464456161
1.63749433803	3.24233189316	3.74069495461	5.16091722513	4.43782960866	0.704191001549
2.01434746849	5.06150265228	1.20219556139	5.28536507712	1.94701407271	0.505431421745
2.28663030553	5.13677831487	2.34342669409	1.13210550886	4.48142800938	0.617685630404
4.51498617953	2.82785064283	0.45882299548	5.33177999322	3.81121324703	0.503077223702
2.42839926495	2.51363993824	0.984098026738	1.84048644997	3.31984437783	0.903023708327
3.63185930518	0.142025920177	3.57858715077	5.40275684033	5.09284456778	0.4157094276
1.77323753194	4.86204248303	1.71607008994	1.09710460961	1.9475958974	0.611651110648
4.20099978689	2.53971150665	4.46005279125	3.72368032091	2.5241196877	1.04863622889
5.70544809609	0.310328371949	0.784293281809	2.36780244857	5.87687631636	0.301757160199
0.980863991071	3.28166577192	2.03698270817	2.69505272679	2.19572916312	0.923916189854
1.19630614504	3.91314909467	3.33911776432	1.04673438788	5.13086717065	0.569541108938
0.143422381581	3.71236308652	3.83553818249	4.16371217005	0.501509807299	0.455325713744
2.59594138903	4.65654699643	5.11525119557	0.995969872318	3.72779076198	0.590754162881
2.60536713543	1.19609354574	0.166512505928	3.32595678444	4.33078274978	0.545979812033
5.97259783011	3.56029436326	5.33882343898	3.52408657355	4.03849964105	0.476791893474
0.469531257582	5.34748761364	3.71214387356	2.89310990389	0.687689690218	0.438994599439
3.98264286836	4.40348624616	4.84999524459	3.9590405073	4.76230408918	0.650054842268
3.38036642262	4.39330066285	1.61615032284	4.58051836682	1.60159610173	0.743241497764
4.80029358397	3.4951606771	1.62269521443	1.55582346619	0.639159462817	0.554249268248
5.64300745851	1.96364199807	1.56243652958	5.32690111645	4.23920189615	0.452976401725
5.21714475646	2.99346909999	4.7345919175	4.34276568692	0.101111902986	0.432317374635
1.55711662129	4.1653338902	1.6944154237	2.83571240649	1.53186284667	0.811235039346
2.06855672926	1.55460709343	0.238309847293	1.30854123589	4.10391097305	0.508560809886
5.93505053382	2.48815144073	4.60658236	2.60383547538	1.86805067449	0.558788049138
0.534559523299	0.858362563499	5.8941175335	2.07927048482	3.54374650558	0.397072352923
5.5632862539	2.22958857521	5.21231141949	3.59074248537	2.79294909932	0.573061345701
5.82522650869	0.57797290515	0.411819766603	5.68930276195	3.70394928514	0.300528711727
3.72520828181	4.47627907819	4.41472220315	0.944866139198	5.64922898856	0.477355330022
5.51620085929	1.03964356953	1.18581924479	0.256639052085	3.39851431911	0.382403929974
0.906092913681	1.1650002049	5.33294663187	3.91638131313	2.86488268534	0.524870392517
1.65216172938	6.00286614938	4.63945159073	0.41433485481	6.01190996057	0.291724302385
2.47418501795	3.23025418204	1.13082414487	4.198069207	5.2722926825	0.64842430278
3.20659617475	1.97354839932	5.79203680325	0.393489995429	0.963477703394	0.402688803928
2.53898473186	2.14541982446	5.16481886286	4.92832856593	2.42195759152	0.68111227951
5.38215166345	2.8595799141	2.71369697169	5.43050640657	5.21096416051	0.463562639534
4.24079274873	2.49233187221	0.356333592073	2.43715801034	5.64312526882	0.474177076481
6.00293070713	3.56771803397	1.92108705322	4.48846337873	0.657647358041	0.430921386813
3.79098498687	4.89735323261	0.47542665508	2.61471025818	4.45112331507	0.560121034478
0.737124486196	4.3075409434	2.8680244849	4.35159854614	5.70648362909	0.476200482962
6.00001559205	1.04427203513	3.20274037111	0.186507326323	5.15568878841	0.328635983011
5.00717354282	4.70977304731	0.440199952204	1.54894161148	5.78008527387	0.352869477139
0.160307376143	5.94071057296	1.17049306691	5.99401583408	3.88021718407	0.287375797363
4.84074224352	4.01059404005	3.87405226749	3.19058444862	2.98228556176	0.979409298455
5.24123851049	4.24000513276	4.1251801109	4.94049089168	4.49157581671	0.531431619036
2.6970900894	1.48032060076	5.55613641766	1.78836487573	0.340054059795	0.44487181094
1.99297883678	3.80025152572	4.27604694133	0.30618368776	4.48408881267	0.563635716569
4.20652108825	1.21220589044	3.75487624894	1.59779071481	2.30103653915	0.78886253176
0.250394069866	1.34137556064	4.87006739682	0.542181983141	4.78699409447	0.35659857096
3.70922890447	0.499229317743	4.13508371486	1.15105781098	4.82842683447	0.504871846936
3.52729570426	0.302667638069	2.45547514394	3.89936326068	0.950267470273	0.559897634266
2.32311553493	2.20786208649	5.20246165204	4.20477260067	5.93093225464	0.47668229241
0.963761303335	2.66948751523	3.81556896938	4.4458779641	0.594717654381	0.561904908535
4.19935680971	5.57748685	5.74193497802	3.5564134655	5.257734436	0.384510925261
3.41259680172	0.492971432425	3.80738594734	3.61808957772	0.434467688818	0.524348346355
0.319661200876	2.33757618979	5.93952650473	5.33962624706	4.80169871227	0.333513356282
2.58061670099	2.65017714338	3.10872495675	0.588739182093	0.807025741082	0.62761266007
3.69530799483	0.75765441697	1.59549783359	0.301494263544	0.0804823983044	0.35348542559
4.49229336863	4.08277562074	4.99040411556	2.27423448845	2.65520032105	0.768836091213
2.9331196723	1.1279852474	2.9221056142	4.26826848215	0.230777179247	0.562047841322
3.0852819354	5.90263212545	4.92170253543	0.368397197531	0.489018050389	0.329425788291
4.79148585669	4.70599157024	3.13670430371	2.59624829707	2.10726225279	0.826547857437
0.817395142108	1.90326558987	1.73057769932	2.80850052339	5.28848414991	0.560165874327
2.48049784571	1.01269387494	4.66515654755	2.64122477515	4.58106629792	0.683970914146
3.26796596806	0.433814441316	5.03938608101	3.12623350502	5.87569567499	0.414907283759
1.61472171651	4.41042917927	4.928521154	5.19602730599	2.26003333632	0.555630046224
6.01804979314	4.75508415272	2.63506639455	5.29318201096	2.08880760074	0.427148229302
2.03633560511	3.65737864489	2.73975508919	4.41522469404	1.56647064866	0.953616976385
5.39063447294	4.76684778828	1.51078810773	5.82276017763	1.57654338271	0.383894252374
3.99018485372	3.54769259394	3.71944003229	5.9346751587	2.18655058978	0.622198341505
1.70940097195	2.49505511506	2.63010379168	2.44968358683	3.22899180298	1.34903178355
4.99462083314	5.84773272492	0.423079467416	3.75055888611	3.0461213003	0.411622927658
1.46201966582	3.28781230454	4.26419590827	3.95493987973	0.641086691697	0.644213967638
3.76192335417	5.47812332453	0.108472384114	3.08887650836	5.89537025163	0.351202242483
4.00233063198	2.49067399669	1.73838761917	4.10550026628	0.241588071972	0.599279210589
6.01424307107	1.18175525373	3.48025340821	2.22222273109	4.58155353053	0.482426001455
5.33319915859	0.930377962378	3.74765613393	0.292374001265	3.46958764658	0.437868736225
5.39864861962	1.7010606021	2.76868649638	4.63296400003	0.435132450736	0.459994683979
4.23989391933	3.55800983535	2.86782084144	2.33603615816	1.03791858674	0.896314781721
1.65983100687	4.65097392858	3.86043848179	2.93467473627	0.896250689462	0.680635541571
0.726875766757	3.79157092358	5.05640131753	3.93664851718	1.5918775094	0.559203298355
2.13930910249	3.4537666136	5.84219907129	2.07821997552	3.78122691765	0.645795318338
4.68776296491	5.4325069837	5.08279984296	2.16525096305	4.15084005781	0.496896186897
1.31934726198	1.12354836976	2.37149121811	0.783762277626	4.17298172009	0.554683980829
2.61527891106	3.45974666975	5.26217912697	5.48361708046	0.760064713585	0.461627329583
1.9370260479	0.873765582242	0.59072256919	3.45145023411	4.15684466911	0.555632693949
0.292222204685	4.07916979604	4.93865331626	0.458930622525	1.18127217035	0.370098290315
0.385518621801	3.10648172117	0.210402233452	0.543633674571	5.50106502956	0.313305108559
5.02136811123	1.01811118535	0.564128374699	3.63621652718	1.22416575935	0.444333033181
1.00866409952	5.806350565	3.08786948982	0.228857561191	0.250725930555	0.311657730039
5.85195218974	1.68767217504	3.11708659131	0.878700941108	4.74792528308	0.445936898623
5.56971642199	3.94386771514	3.03877981666	4.24573510689	4.30126317604	0.635284685833
0.79214242687	2.89173512565	5.50401590109	2.62147053566	5.40469872071	0.452851122939
2.78448472543	3.68262384969	2.07039399125	0.427277757841	5.4389416435	0.527873695862
0.444140307388	4.7965767418	1.56898183604	1.73285027167	2.72001062248	0.540774908627
2.61546072522	1.27670776025	5.73354632663	3.88330713701	2.65177996904	0.606377730385
0.189365494191	3.82355288994	2.31182343949	4.71217443846	3.97045148564	0.55788596736
2.95536785115	2.4097666115	3.27762011483	5.11898145417	1.20879776847	0.761850881076
2.97063828434	1.5141800719	5.1891719173	2.61704965383	4.09584047172	0.749147060878
1.88648198001	2.24786768898	3.57761950864	0.843283771546	4.59361137205	0.697822497215
2.44915382316	1.38051468919	1.03490073099	2.2370014422	3.25889423551	0.80405421219
1.41563941342	0.958547138635	0.255837266119	5.51689743995	2.45336387831	0.386970829375
4.94928370371	0.73246061868	1.34487180916	0.987854345108	4.89013432956	0.41148488802
0.966255997776	1.8004731106	0.543760862197	2.84309950793	3.61947496551	0.587666394181
5.00941863143	5.19128367006	4.81006010804	3.23065649466	3.39153625279	0.577290277629
4.69244906944	3.98567460957	5.97144414916	1.98966469513	1.67972947382	0.489492785018
3.27604431543	5.62689093389	2.84636786768	2.77398614983	0.341233285161	0.522999368473
5.03947867912	3.90986081538	3.5557427689	1.45492768059	1.94246087978	0.724542783165
5.92433533052	0.788222602198	4.5905457058	5.38091916917	2.50953815463	0.371984217881
4.05320614988	4.96516121323	4.48601847894	1.48872680494	1.66534716277	0.615589272341
5.88902771069	3.23295285354	4.26330871919	1.76675143952	4.12114115846	0.562601939365
4.67902720144	4.38965343482	0.996412133374	0.736920821645	2.41216459531	0.519974530889
5.95736718085	1.61769869092	4.29080397788	1.74744250259	0.277225519829	0.380150753583
3.77045063673	5.77829124004	5.093422847	0.847632549626	3.93729267264	0.430920830917
2.65404563913	0.277588516854	3.70868365789	5.54835094167	1.81204445437	0.477582923087
2.75313870178	5.59374598033	3.8415401928	2.17024785996	0.324155825908	0.491514511535
3.32981206948	1.35873055529	0.0555428310391	5.42944963188	6.00043363924	0.318702783312
4.52004405893	3.91650892694	3.30675718423	3.8809786706	5.1685585461	0.72868281542
5.72929294296	1.72396635551	1.20075221975	4.09575325826	5.02039252193	0.44253161529
5.31412110339	1.08250975419	3.46035508676	1.19409106942	0.936480676348	0.459489748147
5.47162579583	2.57092261264	5.34042958537	3.85459212305	4.78391723543	0.483480895604
1.80199031304	5.00659831979	4.26174450646	3.06322422026	6.01694525082	0.4725982976
5.85205666797	0.412060771621	1.27401032037	3.83108392086	1.07969590587	0.367796268378
3.11162783497	6.04888237107	3.45102399886	2.07800349349	2.4236773762	0.637194612232
4.75867226875	3.1642723995	0.765636678275	2.84676814839	4.38211822155	0.664627421266
3.69342703861	4.53397200425	4.68629835004	0.744630699663	1.31760128412	0.53778853379
0.274097836167	4.87131947942	3.81312013874	0.742038963117	1.33382838777	0.408696080779
6.01588582442	5.43830568741	4.74039862966	4.9609995689	4.82850885448	0.330481790357
0.147522055129	0.968657850696	0.133515723533	1.66757629767	3.27369408643	0.365898617175
2.1094536176	1.99271059877	3.95491410622	2.00810084553	3.18584250417	1.14443094909
3.51045709107	1.84085382126	3.49849244585	5.60144821986	5.62305245055	0.487790172412
4.53412443506	4.38080659009	1.25803806704	1.6193489479	5.23594875374	0.52082627629
5.75094353664	4.97974022405	5.12962043205	1.92709956008	3.38603644489	0.447978810665
0.326168552179	5.27845199136	5.78147445343	0.6152835377	5.79556096095	0.259206013153
4.50340700067	4.59516600678	2.54896682447	2.96451203933	1.65117138484	0.84539313748
0.706093280626	0.158008708487	1.55693399916	5.41168358482	0.272545746211	0.296942209911
4.87357953992	0.678125811827	2.55895812785	3.26031744131	4.43342363932	0.61658414774
5.85927754046	2.79176502639	5.97158215644	5.88357955783	1.67929082807	0.311444648851
4.05954174689	4.42882654582	1.55655631739	2.80034091856	0.66102566463	0.634583464947
1.49242167171	1.63811341783	5.93769409261	4.44425370513	3.73438945132	0.490610435225
2.06152336264	3.85917095949	3.0152310416	3.35888725988	4.52519295112	1.10203053567
0.853908336893	5.81910483678	4.87918486904	5.96625068816	2.7006214551	0.333637299853
2.70200470467	5.20449301271	2.72295059212	0.242626491623	4.66919476131	0.489843899171
3.50026964717	3.5556691597	3.10121756772	1.39396896702	3.71569203676	1.15462325509
3.76530056452	5.52756640302	4.62665217827	5.39746856193	2.28747583318	0.479023090765
0.680563536338	3.67317382436	1.22836763938	1.36590327657	3.87416928545	0.574512100354
5.5059984711	4.80061684318	4.70976940831	0.370954709241	4.93211511933	0.35599212838
5.49085183229	3.20116196196	5.96895853833	1.77135229906	5.29487957003	0.372639729739
5.16526473654	5.54832272674	2.30930231906	2.37034039703	0.490888028733	0.428238060804
5.2758887463	1.55699527579	3.59471335965	0.947841449228	4.71940660814	0.505476075024
2.99371036005	3.98937133063	0.754188393679	5.93040042792	2.91897867481	0.509778154608
1.92487283656	0.218197273304	0.971360856928	4.8412255041	3.08566545988	0.467133611244
1.05258682098	4.00965233961	2.20221856184	4.58920500057	5.66002182244	0.49876406789
4.48592778813	5.0607809727	3.9034125442	3.3675871198	3.5687828318	0.785571376936
0.33866086532	4.62691032368	4.08498234171	2.1146971396	1.57429932657	0.534098634358
3.35049484715	4.54131348877	2.33354295129	2.53613991392	5.90143895028	0.603275554556
5.44774286335	4.87178534067	5.67228950738	2.10719892753	3.85436195968	0.43171956195
5.11542549094	5.98009035773	5.91891930655	1.49110161116	5.3057388685	0.290113571698
1.98098597991	1.94604552477	5.49126470856	0.118901964736	3.46082641807	0.45727462888
0.706122028387	1.6839623476	1.53947330324	2.28045504451	3.57887725933	0.667565062043
3.17491189775	1.13936220298	1.95376750454	1.70037293587	2.94819011772	0.88661251025
1.22333880134	1.54497247297	4.90480941975	4.64497037488	2.89487759851	0.601724278285
3.21524558307	5.84274013613	3.42198982738	3.74579358955	0.924380860962	0.550358324818
4.18952309019	4.66804022502	4.65069398811	2.54240069654	5.90590705097	0.4860076708
3.61143604813	1.21028227492	4.19647293829	4.78345636722	3.16667396768	0.756602039767
0.241467990668	1.95312392639	0.603139853945	4.90492340506	5.66971468918	0.331054611385
1.35036262611	5.07303302505	0.164627904709	4.69221654669	2.25189314869	0.42586962028
2.13815550539	2.30216693041	2.22779428134	5.554262667	2.35023394902	0.726084468079
5.16195310146	5.47560390213	4.36970044353	5.42714587107	3.29816307233	0.42267796637
1.75614048651	4.49001752737	2.09573236399	2.35250741192	4.03958565904	0.90211805542
3.95275133989	5.41534906782	0.132930419237	5.86401795462	4.25458825931	0.336266419862
0.926964819522	3.95178994052	0.967695101152	3.89622146203	1.07662288162	0.530891667679
1.33814076392	2.35665853272	2.15574335002	4.45905327613	3.11655451707	0.906548035824
4.36509014743	2.47844168548	0.441046753458	3.71059480343	5.93007785117	0.439096500955
5.34883102533	2.00709211088	4.12282395664	4.81637092527	5.90090213876	0.408529383399
5.15695232343	3.8572956948	2.56756347047	1.83579709736	3.92133991511	0.782556121402
0.487372813946	0.344706846616	5.05287945664	5.18196578524	0.665814361575	0.30499345856
5.22543994434	5.96696293401	1.04053588569	0.272619061268	3.28759904527	0.332046414308
5.23735893441	1.44705829647	2.05314135654	0.815255599915	2.95794526066	0.552827630027
0.974391683887	1.99089131509	3.3911265436	2.02192208836	2.60021443344	0.877898823748
2.34350675276	1.79897475706	5.93782049653	4.39164257534	2.7657591786	0.57156665842
2.78994965085	2.5045067537	0.572656294548	3.65408627122	2.1399912221	0.809777177148
5.87896057484	2.18344897117	0.618964968119	3.21709570494	2.49580006076	0.501860761162
4.86059192617	3.65502139418	2.87192082741	4.66643002128	5.80646609994	0.51123435964
0.729094706388	0.576604313975	1.44889782107	5.36844541447	2.5797326143	0.41284895212
2.47907170095	0.655008830616	3.9101690617	1.8276818398	3.99395255426	0.716279573284
4.55581994859	3.5654801942	1.37418924238	1.11429388736	5.08564501996	0.546764587205
0.919340589797	5.12325235367	2.95022461448	4.92396001446	3.31399606501	0.566892222324
3.29278982599	4.7926540105	3.29657052673	4.54202993514	3.9792790205	0.852941602012
2.5215331035	4.7737822036	1.79172731499	1.2602805732	5.85243389209	0.476232213387
1.99947236698	3.74976850931	4.87632644272	0.91628132378	0.421808495483	0.474546190876
2.43190608142	4.01071824608	5.55213850866	0.676524339701	5.32600837988	0.422537344761
3.81671481521	5.07716680515	2.55241089385	1.63518996224	3.23776634759	0.826362940653
0.728097609399	2.00492827839	2.52927438593	4.99444883245	2.3881660282	0.635911536032
0.117910667949	0.861154668066	2.68723651415	4.59239228334	5.55968938487	0.369458462034
0.863097014228	3.95320370886	6.02849087445	2.52841193333	1.61224668927	0.458821604876
1.57614468734	2.06812528522	0.0989693786973	5.05837557321	1.26390222694	0.424399966514
0.250754461481	2.51407290777	1.27744435461	2.11403720613	4.96850056697	0.489677628023
6.01954687034	0.208903283647	1.99568899769	2.04198896851	5.18605195565	0.349489864627
4.75842691706	3.29665432021	4.30488899406	4.27113451409	0.240317325022	0.523164803256
3.4808686693	1.5206540176	4.70879941542	4.69982161569	2.91057681243	0.755453352216
5.97070433576	4.18320193925	5.94091048836	1.30539665846	2.46947976471	0.369998483725
4.45965343384	4.79338008392	4.58815565077	2.4560665885	0.325473128804	0.492174519047
1.50614436246	2.12393267777	0.278872805745	4.35119566885	2.85913552078	0.579736884638
2.06375797312	4.20407217933	4.55220958061	4.08267930825	1.25692901607	0.717041999783
0.765357351602	1.75363689736	1.22478035698	2.5689658232	6.00146139765	0.418532370381
5.15690760348	0.486413445926	1.7715818705	5.8744509818	0.606672567847	0.317764326931
3.42517327328	0.299615217965	4.01216385018	3.36469612686	2.28554828133	0.707175045651
0.074031559846	1.72416816721	2.04815084878	5.50805044746	2.85413421127	0.44629609998
2.61592732716	3.69775229758	1.63735863832	2.18479436496	5.98574642223	0.585809234346
1.22028108461	4.95928696385	0.482117781775	5.25400961669	4.73488829723	0.378267296369
4.72192703821	0.127641500542	3.85650293176	1.03164615435	5.04308833079	0.400036801217
1.93640045812	1.65045614599	3.87793960082	0.700759126151	4.89223657942	0.568493248779
0.655756450402	3.05360335324	4.33497909153	5.92050460753	5.33882871491	0.380517688643
2.65427413135	1.89742475276	2.88649296433	5.14874769491	5.52812819776	0.576148669738
5.44221005783	2.74732351884	1.52580405917	2.92546615414	4.7195277428	0.618665637393
4.1352205935	3.92519136585	3.19048577693	2.15967541166	4.07910860759	1.10477577549
4.28117129867	0.801159138882	1.75169108197	6.04465097341	2.38262467943	0.440807721571
4.49889431554	0.18169311535	3.46591571058	0.62246173881	3.27212152703	0.473185665568
3.79193618773	4.14887581484	3.0854528564	2.23902981058	3.60711415886	1.2654953603
2.27187963756	0.915279362837	5.19380317383	4.97464951587	1.2111035831	0.458960174446
5.09698644042	2.21713621848	3.26460454243	0.546897211038	1.55719529807	0.550065834453
5.85692303565	5.30169867493	3.52615038815	5.00895990267	5.15908335342	0.364508253191
3.05967200707	4.44102432685	4.09139621827	2.45551139087	2.02941941911	1.05155212486
0.848010495988	4.44267874184	2.7301647786	1.70146960761	3.80398066648	0.708327771258
3.70681632271	3.20214952209	5.46954985612	4.10801108938	2.94761092625	0.77702713528
3.53999287211	0.388383214677	4.58100654647	0.955879615955	1.48800480431	0.474467169597
2.80498540937	2.57531282234	1.130755482	4.34344588416	5.19866200455	0.651405265673
6.03228251574	0.499925337815	3.60894726121	3.52464892496	0.503623553156	0.365990960525
0.678205289863	3.80228502149	5.38042700785	5.83274159039	0.411878835864	0.318231946589
3.41419646582	1.01797808217	2.40862972022	0.248882824089	2.8128859681	0.58639519361
0.121981513353	4.08684860998	4.16408563663	3.45872856354	1.3091573301	0.529416876433
0.789165469793	4.75501203581	4.00585729565	1.5308535064	5.81084854195	0.415992993566
1.46091865183	5.32386678967	2.71813687079	5.36624237962	2.68545315199	0.53918186651
4.65287655526	0.887746896657	3.84165353823	5.70548186667	0.903465837357	0.40622198212
4.90881391036	3.16035647077	2.76795028336	5.60911115622	4.52289608299	0.560230199811
5.95782284179	1.01324391692	0.131355283858	4.51270348527	5.17125769614	0.303695949131
0.193183811618	5.25979779194	1.23650117177	4.72857724383	1.6733773983	0.386955900653
0.818877564741	1.02776345895	1.16248965182	0.722143261122	1.78526501949	0.422160581327
5.38090435993	5.04384565683	1.85434498674	4.42869920151	4.59056297008	0.482401789292
2.83595769693	4.71815047379	3.92262627695	0.965217178428	3.72468879774	0.740976472294
1.10958297954	3.16319845209	1.72708373114	4.26133948003	5.48188228369	0.556441440391
5.78592068647	5.93297299488	4.80446519166	1.8385912913	3.83959817865	0.374902882652
0.335516506172	0.22098288747	3.14779622929	5.90786460136	2.64583634224	0.35179852787
0.119107634228	0.629841579417	5.90800118948	2.96105997207	3.93125246997	0.354077429666
3.0566730756	1.21835210339	1.8367133101	5.39384324576	4.54870107741	0.566261756469
0.910071860226	2.7762542091	4.60175716088	4.81306858624	1.05135381483	0.524440845434
1.40931402599	2.4767960661	5.21956882027	4.28857944056	0.913139073336	0.53344897158
1.5164843179	2.43645787575	5.91124571791	0.403157230879	0.258807963406	0.330562380036
4.69774199745	2.80531083671	2.73879100315	0.683431133937	2.61633485307	0.74062267142
0.774691435189	2.68535863123	4.46479317437	2.47316264052	4.9740258685	0.610838019221
0.096807968957	3.91315256886	0.681953972755	0.877592340282	1.43028857372	0.375878844158
1.76456280868	2.51020849312	3.850468286	0.417321994705	4.63864150687	0.593652592401
4.5604607818	2.57277119203	0.377752959806	0.738465109036	2.58315539524	0.50550900342
2.31513664232	5.86760569436	3.15890452174	3.47407124025	2.24454813484	0.689042070123
1.50578068178	5.14668005953	2.8476185957	5.77565257335	3.11432974949	0.510687013306
0.554244534287	1.71489472464	1.80006345074	4.40315704561	4.99364702777	0.499586810357
0.606311540322	3.07759771828	4.64845655038	5.35102406507	4.89926557077	0.442718850147
1.23457668308	5.20549388658	2.07006751498	1.64832302069	1.07320258737	0.515855432545
4.72528767846	0.756961624238	5.98543220129	4.59788168495	2.03312133595	0.393565605563
4.60802773443	0.290923465853	2.04080119326	3.29035969215	0.493514055241	0.450213343048
4.33744739895	4.66942872662	2.6451643711	3.02515724996	5.16763319365	0.694399468038
5.46439478731	5.25866964248	4.15336444654	1.519218514	3.56515700483	0.499570468872
0.158192905973	4.87520099044	1.77450436628	2.29883119298	0.125770675095	0.372482237457
3.4092299185	3.27932769043	4.00058537558	0.866179679567	5.01197368085	0.673496303935
3.0031127826	2.43196671413	0.490537976592	1.20352780046	4.4097278022	0.594010615078
4.96757173148	3.52432537459	4.05476142042	5.24579569339	0.543775410956	0.468704269128
1.08329170707	4.62384805454	1.32224250428	0.0582830311378	0.192723370534	0.326157602988
1.76420537759	4.05231318765	5.46739464231	2.63278535173	4.09806597819	0.663870303107
1.63322467038	3.53685821815	2.28813835754	1.63767818998	5.34052312729	0.666799681224
1.24360418267	3.56154245464	3.12108970805	2.64848249958	2.29174215043	1.10618090614
5.8722303079	5.81161879926	1.34291636771	0.692307709462	3.61959390595	0.337721760878
0.290966303466	1.31692702128	5.35897290394	4.15701977004	4.73062054298	0.398881638092
0.207464735749	5.64465231835	0.161889301337	0.259296786348	0.547338753581	0.24169585771
4.34563148067	4.26718056742	0.677468709685	0.470372020602	5.20702134074	0.398714811713
3.50627852439	5.19770713124	1.60907305284	1.32311791434	5.32176354195	0.494475917164
0.195725560349	1.76314803752	3.77101667399	0.189927812972	2.06395889876	0.420859421468
1.18822577401	1.42137597248	4.81820984858	1.88521959527	1.4451015276	0.563668901447
3.8007653712	3.17359305789	4.37985334219	1.33738477097	1.26167728692	0.748423993264
3.5892116599	4.84421641464	1.26727207337	1.07341505852	5.78313599431	0.430881703037
2.10309993574	5.2016467545	2.04512041342	1.96136341381	2.8814892703	0.790121338377
6.04828339408	5.25840457707	2.82713076992	4.11926452869	1.83970447128	0.45410486025
3.62310236409	5.40956405309	4.39694491511	3.77444193846	2.08516710198	0.685758638611
1.91199534037	0.702215394406	1.02553648106	1.25783091443	3.78509522559	0.525939270751
3.43115362071	2.63803634762	4.39793262424	3.09896331798	5.05681926314	0.868702107329
4.95563389115	4.04625470306	5.06679806367	0.863320836487	4.93728258871	0.444261433767
3.98238522061	2.11685596879	0.420158961465	4.74137367752	2.00576145278	0.574003503283
2.95187296124	2.52546615437	1.9253892006	1.74913458921	1.21141614734	0.897184179919
3.98173013661	4.73299012675	3.78685981863	0.354514610582	0.236458080852	0.412848606641
4.30179007771	0.963590400514	0.50568898272	3.38916693618	1.14465940214	0.484098606074
2.82845428527	2.88036533898	0.471215870619	4.58311602428	2.19970664277	0.685625803409
3.67352509879	2.80685122589	1.491946425	3.11070432847	1.48725035093	0.993459554867
3.5282680676	0.695674092978	4.48878505387	3.25658822917	3.58507712739	0.756794955137
0.844336874851	2.10162248636	3.58450479955	2.10877688564	1.26278879951	0.684566111645
5.40271912672	0.702543570997	2.8379615086	0.512598792343	2.1528227952	0.435113754819
1.08142733813	0.593854770693	3.83293017465	0.809682583337	1.62901070023	0.45784756261
3.58211930116	2.78733269755	3.94148928525	1.76086641709	4.66691733052	0.944772585411
4.41735988798	5.32769206865	2.76185037656	2.10328207674	2.41664163968	0.73377344383
5.89584946216	0.656200612918	4.45490863033	0.266442966362	4.27304929833	0.33234640444
2.63998947464	4.74328364954	3.52089792298	3.0399326577	2.33136491702	1.12503053913
1.45226675979	6.01319673242	4.27373393957	0.519730911331	5.89223128259	0.306617096594
2.45568403534	2.50900800461	1.79521859361	2.15913921772	3.60198443658	1.24095909133
5.9599814948	4.95211391399	4.02069258093	3.30704295234	5.20621453262	0.424165372001
0.354606315575	4.41481060063	1.90003167978	4.28555280657	5.81768755127	0.40319757869
4.61340919283	0.886467933543	5.04219413515	2.19926455917	4.09772151024	0.552888370902
4.10613260589	2.56272483214	3.6405663161	3.62710554763	5.01102317638	0.887899200657
5.48033288311	0.327801662529	0.322434690689	5.09332808623	0.880014274132	0.291219048741
5.63011091591	3.3685047921	5.78784955251	4.25529868979	2.58903374144	0.463605735026
2.68799941458	5.3930972904	3.49044480068	4.96861721037	1.0806633713	0.536938642229
0.92870714465	3.43111306005	2.79415735484	2.43807183346	4.56068804821	0.814996309875
5.90568522588	1.44748459965	4.00896157826	6.03425133085	3.50159748699	0.379800747759
5.76917198267	0.989447535811	4.31775382229	2.28225748381	0.400445889543	0.388803309029
6.03518871379	3.37336491127	4.25449203336	3.4552771088	3.90314629147	0.590023669164
5.80031819471	3.43476299922	4.99012750452	3.02337662918	3.70033674938	0.572002981048
2.58404105474	0.816666667416	4.64866126603	1.81048662266	2.39399839392	0.692509732065
5.77614378433	5.21420146776	1.28374527651	0.643970953321	2.77986339607	0.382343006598
0.0525258436647	1.75233868021	3.56004931203	6.00491433116	4.6731353181	0.365139279122
5.54900194835	0.164223871888	0.435855950683	5.01040874189	3.39530366169	0.329903652961
2.03561381611	5.19248334751	2.04609401427	5.53113767273	3.29062294903	0.551326264785
1.86543971841	5.59060273387	4.76795428112	5.27782245136	0.368579036712	0.354145730635
4.79350596393	0.143905237275	5.04674169016	3.02717674302	3.12093884526	0.485945077058
5.73638999614	1.85339818651	2.58876877141	2.82224693103	5.56844972904	0.485432952781
5.01290862334	1.93174117677	5.91899792698	3.19700847947	5.89066533649	0.368890907896
3.81971251325	5.37605013388	5.43259628786	2.47291953733	2.00745614189	0.540598262783
0.990429691439	3.40942154183	0.682211952117	4.24473659594	1.57925903325	0.551085203004
1.50415576864	2.61652847736	5.49809215724	5.86511586465	3.88718212884	0.442066209835
2.06518875811	4.64107983521	2.28399648286	2.49084365652	3.92559672324	0.980810867308
1.825336637	5.56747449677	1.31915126022	2.02099175043	4.30471758241	0.541777640979
3.72714111585	4.79587834129	1.27112924529	3.70803290475	5.64647548247	0.519533137281
4.42311240318	2.98558278704	4.3004341601	0.450975964513	0.73911491037	0.491987716943
1.34792071653	5.80158712922	0.5915151552	5.50354668335	3.1385289159	0.361454598635
1.40646707206	0.668867563522	1.98192594971	3.00654683778	3.74232111144	0.686762061988
2.53052784549	3.47733136396	3.65878244036	0.8681305753	6.04577849604	0.507514319708
1.09483222484	0.750798677919	2.42263353927	3.07804242483	5.08153209911	0.544638893205
4.69176018931	5.75058229999	3.4198222649	4.09221587133	1.8582085429	0.552466973522
4.76866399507	1.02713345228	3.35753492716	2.25049974023	3.72754833817	0.755327902284
0.384010900613	2.04104610523	4.48240365588	3.1910087957	4.35851778569	0.59373371983
0.800905960857	4.91584404756	3.81273897986	1.50612047809	5.29529232077	0.4615300719
6.01804088783	0.6079370648	5.33974755284	5.89016796573	0.472025115649	0.249696104961
0.634795708559	5.95699556583	1.07593625655	5.39241639056	0.0778193200298	0.268076164547
1.5497403492	0.465248463541	1.20419307442	4.93102959748	2.75577545172	0.486815529814
0.970773276932	4.38064582455	4.46108788425	0.588978954347	1.27700760437	0.455779226746
4.60314994568	2.91976988683	5.68881641142	4.9480102832	5.3518925986	0.414380612181
0.713246570887	1.9483214361	0.730706572381	5.17622390745	3.41448291373	0.467448995464
1.97530692449	2.50174307671	4.88190119978	1.11241936733	4.81875231087	0.598421533965
0.533405372001	0.0757740119531	4.15205137416	0.663390196605	1.08511313797	0.332347964553
5.63632842992	0.0957344624682	4.3449828799	0.26059335405	4.3956859814	0.315993176384
5.32086938917	1.03950683141	2.33738778778	6.01084810691	3.56896180704	0.415663065684
0.913874394347	1.21533215224	1.92576756039	4.82275967555	5.76875702733	0.405196187038
5.2461874389	5.51503482289	5.97918911394	0.606359049177	3.81574207708	0.316042859362
1.14680706301	0.745666378083	4.79570375369	3.51657981476	0.374203960737	0.418365305523
1.51927237007	2.68033415128	2.57755489689	4.55584749442	5.04489772779	0.710455921609
5.3640604766	2.65781190218	0.894668616512	1.10792067574	3.79499838743	0.516788348274
0.245087535987	3.717822897	2.82567782046	0.552859221125	1.61369919171	0.475160316388
1.34234054467	3.72708416399	1.09089829132	4.55978789575	4.20244420659	0.632912756966
2.33973107732	3.03924583442	0.221890813823	1.71948985179	3.13056289194	0.675121945923
5.38469045094	0.691290203385	1.9679791064	3.35624801719	2.957429761	0.581034517226
2.06167605709	3.84099662723	3.67458223835	2.43206682328	2.28965528787	1.27065997044
4.38662361534	5.03816113342	4.86625502161	5.78714027878	0.782625285546	0.367044738139
3.73906668385	3.52630837377	1.8576316355	3.89287283463	2.75614778222	1.2523620565
5.22742347806	2.98311632537	4.90320403991	1.1118947365	2.75060023429	0.581022826868
2.10431025491	3.31606672277	3.08957583717	4.16967212242	5.44771225886	0.753601633683
5.33989332871	5.78949538109	1.98209039535	3.15907028225	5.5769082268	0.385233468036
2.96044422708	5.56905672041	2.85000706839	5.3508130091	1.66466189974	0.528162562211
2.69622029611	3.26962571485	2.67094259652	2.00474393401	5.46295176587	0.811034944882
4.73541781219	3.7602860174	3.60306376151	4.18606360817	4.61723744293	0.770677298447
2.15446568415	0.83389594723	3.19720917962	4.21887004485	2.98378904336	0.838101187021
5.62727154928	3.01057380326	1.19121761505	5.07867010145	5.09683796757	0.418550840103
1.86819268704	1.50149136618	3.33938079179	2.08472701471	1.64101807096	0.882904619284
1.51793455081	2.76463425389	3.78222388448	0.947018698185	0.34702519534	0.523100188673
1.14927344583	0.81241467087	2.25795184035	0.599280569352	2.02082785086	0.488195775117
1.65688274242	4.13248141544	3.93907951767	0.310917255861	1.12356850828	0.507086287147
2.44309807704	5.96997632225	6.03365539801	1.13899749648	3.85842996017	0.363184740176
4.77843153571	2.36158282737	3.20398001052	4.22299731876	1.78599135037	0.863442844416
5.37908240345	5.11215933711	4.53646084125	3.52732995878	1.17510999811	0.474152467982
1.54971421071	2.62149890751	0.481495252535	5.90907031444	0.732157859701	0.36771118957
0.133550379687	1.69288285381	5.81348333567	2.53218422035	1.97172450446	0.41464562793
2.90630068032	5.17138223168	3.53179845719	1.8726463216	0.119868135849	0.510918955559
0.115689868042	4.26877706293	1.10491024124	3.78712840412	0.926117928076	0.426603627814
0.810396106171	4.73572402227	0.83877807461	3.9000257499	4.01766059065	0.517500234737
4.88748880671	5.33571207252	1.23761067975	3.78131780428	2.54599821974	0.557390108326
0.357617505502	1.29527954566	1.94522699061	0.712368502841	5.57753345388	0.358709138192
5.31192402249	4.66252442397	1.78103480702	1.89356926809	1.3345703488	0.5378454645
3.08781013321	4.46301808919	5.57190190308	0.874478591649	1.7645064826	0.504869531335
0.294971413399	0.486961721033	1.95236372406	2.71591847753	1.89910007019	0.475674804397
5.71169976728	3.19150681521	5.18444859003	2.34495442569	3.02130890096	0.568461368611
0.863165867406	2.53306687399	1.04573240477	0.637713097372	1.38484841701	0.4588763602
4.44045913135	4.28389853202	3.34264052905	5.45248808011	4.35310957056	0.599293177753
3.48650309048	4.04712829247	4.63472072216	3.99458401308	3.82232979704	0.937128216791
5.93288108792	4.39669516097	0.257207091939	2.66989298336	5.68522950266	0.329002672153
2.87894082514	1.10029138882	1.07629568184	4.04932371343	5.77025495084	0.473943101577
5.26656457629	1.76213600115	4.46069112627	0.282965689067	5.205702058	0.383867760224
1.12633094144	1.50061064849	0.758179037016	3.42926148048	2.24959615327	0.604889805171
5.7738542275	1.11459479734	1.21145612408	3.25634981476	1.76313694407	0.475207143706
2.69419215877	2.6219269219	0.538796018749	3.01742067761	2.62461639182	0.874492866159
4.20407941422	3.08787257254	0.465231501138	2.82462802232	0.686659324948	0.547498789157
3.1084633191	3.57821198948	4.09259599874	4.90586881314	5.49429906284	0.609989561373
0.693124235671	2.72847359859	3.54429938903	3.6710995113	1.36610596399	0.724026535681
0.427022715225	4.6488362367	5.34692408644	4.80889186885	3.95115547923	0.416255401997
1.15785323313	3.80870118882	3.9705322172	5.3260440793	5.09438653898	0.505398383989
0.490561410447	0.869056585168	2.16416848525	3.30603477762	4.40188723876	0.537756956233
0.567989713723	5.92258009987	4.43072473121	5.34867712794	4.99627873434	0.322533464075
4.4701592225	0.893400491864	3.40936720057	4.83988683412	5.4844960828	0.468941632708
1.37784662648	2.80518170301	2.8017940353	3.25871178684	2.4856737769	1.24376800821
3.34415243313	4.91903521164	4.72397048759	3.98853262143	3.01894255835	0.784266555887
4.32965008987	5.96269403352	0.217331423476	0.214858574258	5.42429024351	0.270834149526
1.24623375772	5.42148452411	5.33256779252	2.62711739515	2.8738983768	0.511899123377
1.50290831938	5.5362294249	0.32881165207	2.1610249326	3.50532501168	0.459385225797
3.66930929277	4.19841390578	3.7268412061	5.55076833716	2.24129651398	0.68991595839
2.65267440152	2.55643969812	5.97534934877	1.87131736688	0.376072524618	0.447848000828
1.17602458867	3.84732745874	0.421082186181	3.9990551088	0.398792622154	0.426256403006
5.86840640894	5.83592341205	1.57606047016	1.52284383165	4.31475604186	0.36753363003
1.43714647115	2.59320135475	2.75075301135	0.736475680768	5.26227617262	0.558298782158
2.51916026379	1.74120800991	1.99578219785	5.54302511977	2.72105814779	0.695942516916
0.219597004318	4.00788790282	2.84860030238	3.2636345704	4.83803059035	0.580812498455
3.92634519029	1.03448172632	2.35841355235	3.02824894139	2.53732544457	0.966381854728
1.99816456744	1.24130458622	0.56132226399	5.44583833726	3.96491815088	0.455435103497
4.80056297243	2.48028269661	3.08176187234	4.55480084954	0.237481505914	0.538568732441
3.99907357317	1.67880285659	0.927967947984	1.61424937291	0.116249814277	0.448967106509
1.77892973402	3.96470096813	1.94250370728	2.93195158451	1.67004536603	0.969615275039
1.90134956591	2.31142873343	1.1535241772	0.271553897496	3.03603465553	0.570244003224
3.7598477259	3.69737949477	5.0620053603	3.02238579141	2.20109349805	0.912881395577
4.29535703016	2.13419967686	2.49460940329	3.52519965757	1.13388447926	0.87403407706
2.32972301655	2.47486253309	5.01834714337	2.14836853397	1.38355105552	0.761211747255
2.59223646571	2.74215943535	5.03084630982	5.26913338029	2.35521236931	0.670160123061
4.4278251316	5.29821801753	3.78110765321	4.91626189084	3.59182185848	0.589868446408
3.88614229339	5.80123833754	4.52950459589	1.21838918105	0.616502980944	0.402791119364
0.761034355365	3.40683024648	2.37937339876	0.832998564566	2.46899430402	0.643437804561
5.9421156077	3.25353738605	5.90533350923	1.96250880729	0.703988051832	0.35076215412
0.555079997834	6.01602584751	5.65775865925	5.66417517003	0.244252514728	0.239064586023
3.42686587241	3.4165325925	1.32689108153	5.71881939929	1.22502629023	0.534830347064
6.04043404139	4.00306906165	5.94360467545	1.25060456693	5.15819044915	0.316121911641
5.25746375678	1.40979567943	0.279840887471	3.07037996135	1.68391246951	0.459533529784
5.70481395809	1.04046899844	0.118071359369	0.217382893596	0.455979166916	0.258556320653
4.85343490968	0.650271352351	1.84893530381	0.14847027997	0.811379818187	0.354576286311
4.82432445171	0.441288178296	4.99591551868	5.62155451226	3.69439593911	0.38148168235
0.564040747817	5.88911707888	2.0665035028	1.03346395406	1.28345792592	0.37083609386
3.95167032203	4.16015776152	5.55348421402	5.29872377936	2.8273490334	0.523948001315
5.49622563637	1.63738373739	3.1990801324	2.31272491153	0.786324696333	0.540534585801
1.32141135605	3.79299331821	2.26459990569	1.84642164006	3.53915953861	0.942618337068
2.43956062653	3.18853096529	4.61457813515	1.53246535268	0.461770837889	0.604128712602
3.32211724022	0.676260825961	2.631133331	3.06634981987	0.720866663903	0.63137543391
1.65187977244	3.42034294814	4.35429763532	2.49775662878	4.88714034627	0.79102750052
3.0093525592	2.67844156479	5.18902708341	5.88408479097	0.768542275985	0.431170607685
0.0551292892161	5.60221025907	5.36604757113	3.14232060773	3.64729234862	0.377626599973
3.33500820255	4.61263227768	1.68481010708	3.9529223704	0.799329255917	0.658174002621
5.03374314902	2.78750355334	3.36632641977	1.55001098718	4.88748748218	0.667532763078
2.16379418421	4.7900443318	4.26749337975	4.3023570082	3.45922848559	0.805343426402
3.43295312912	2.18734031501	0.092984368342	4.66969006759	6.03504440636	0.380257581127
4.88814152541	5.0561515667	1.89031478012	5.22731268348	4.51201744102	0.470115741224
3.44845250267	4.99238467939	2.7255654126	4.6045642951	4.78660820392	0.666106420011
4.88355598103	5.74819035184	1.25046033041	5.97329457607	5.89572077312	0.274824167401
2.59654091486	3.92699529194	0.593847449985	2.44126009035	4.85282160579	0.642805396595
3.21852677854	4.24574761943	3.21511728806	0.578766483236	2.94687093454	0.799289529302
4.22764351209	1.05962035019	4.35347149131	1.78246949949	3.7299283392	0.708253280491
5.4799153694	1.56570986726	4.38257187634	4.72250085166	1.32219626307	0.478452692082
1.32255569724	4.99313862489	0.553893017501	4.82471357988	1.07551205896	0.403175509973
4.39421403288	5.33893541054	3.29779464984	5.61839697565	0.718501652274	0.407093677176
3.99268300328	4.39254562322	1.18513827807	1.41586321591	4.57283766788	0.617221709992
0.272160874126	3.64619769477	4.49566619843	5.45336327384	4.21880081918	0.442474705859
4.68301865561	5.46093520487	0.156682997357	5.46603373775	4.09359811463	0.341874676844
2.42188096721	5.37471751779	2.29112826471	5.29027079498	2.36335279926	0.583884870472
0.586870814941	5.96521956998	1.00124236211	5.47114982271	5.66458144301	0.27161124162
5.05813927903	4.87223339764	1.31941910701	5.46906197342	3.62115092401	0.453563225776
1.79002488642	4.58361182127	0.654453688005	4.11056019127	1.52954427573	0.559627227505
4.39782726844	1.31539901417	1.46931839525	4.19683041561	3.48604931998	0.724457369277
0.192961708913	3.63683314384	1.14788694666	0.905518230077	0.749597792796	0.382167934687
1.17257940259	0.786673867255	4.0913845196	0.178253050567	2.12248393939	0.431747441776
3.82989048442	3.40639963388	0.554383313151	3.81989360993	4.47918045265	0.680498006375
2.11268646407	0.545756444497	0.161585733585	5.98668181728	1.09810053026	0.308596998637
0.69944142637	5.51511443692	2.26747541592	1.71754345324	0.717318373782	0.416488047979
0.312414974103	5.74402497688	0.60884465758	4.79983896216	1.6004480206	0.326066652675
4.62984302258	3.68473949239	5.44941870938	4.52724755538	5.17804038703	0.471670224871
3.3065130707	3.84842140228	3.55153561898	0.496810195321	3.00408897809	0.807497674346
0.382727374051	1.09927599731	1.62181321258	1.70271617305	2.11670939227	0.504403081295
3.82803747277	4.6815311698	2.95401741187	2.3329487431	3.74414716696	1.05108041492
2.69322297896	3.6349885128	4.74264892802	5.33327150007	0.95390745601	0.550515329886
2.47896342559	3.38985134016	4.48405710232	0.857883928597	2.64059839356	0.810128587931
0.903250577627	1.90213853226	3.34270304478	0.380864013018	3.39276126538	0.563912804428
3.62516898762	5.70081144604	2.61781170759	0.137200777982	4.53216539241	0.427817794592
2.20139520194	1.3387448369	4.58274166802	5.65358530491	0.565932009345	0.418956763208
0.129659682903	3.51326208915	5.11922171946	3.40486374362	0.312089809194	0.393977377372
1.56493145974	2.422708481	2.22106039295	2.76449770809	0.696890472225	0.748547315689
1.69682027881	1.44548303864	2.72584785468	3.65489726403	3.8285391732	0.970371891635
0.964632820574	1.14510082558	4.26998710395	3.41794797695	1.755883401	0.628190249661
4.89675012506	1.68322133052	1.65047315625	4.06017960368	3.21537156519	0.750572940108
0.276609011157	4.21031551442	5.08233216488	3.89033160184	1.95838566054	0.497624337411
1.51796451288	0.301784751019	2.30391099944	0.516794756124	0.435799013533	0.360974738144
0.983993011941	1.31100414622	2.92780014624	1.55789345926	1.61334760098	0.627956097859
5.4643592057	5.77640002521	0.454611045232	3.14529958865	1.86369274278	0.376325024242
3.71799693548	5.67760303143	5.00859582134	1.65901407036	4.43957305677	0.485669151129
5.68689109935	3.39694984607	1.70692438428	2.53228798641	1.45403408412	0.600320715984
5.14772410226	2.3464110247	4.21693752043	4.55615890571	4.31283704408	0.638324793044
1.85368629797	1.38441188306	3.2184806479	4.55804522785	4.26366333887	0.769453092248
0.5147939399	2.83601284041	0.0850906357005	0.179296021545	3.76078599982	0.354170307983
3.99630144136	5.90381432742	3.87061840841	0.144885116375	0.151622853117	0.317988643044
3.53686958984	2.82578631094	0.747922171386	1.57774269805	4.49625641352	0.682499145339
4.71879270332	2.59846618204	2.96948347496	2.00522335835	4.6069928442	0.855547950252
3.25664948583	3.25714269255	4.75626335908	5.24170324197	3.7758343463	0.722355213134
2.63239055329	4.4148051187	3.64962836495	3.70148170521	1.67348126636	1.0193102439
1.00603393829	0.513111961113	2.16447567176	1.11597104294	4.22249996797	0.478407439982
2.50997488868	5.05083047494	5.07755441894	0.404872848723	5.60260138321	0.3666968623
2.31181791964	3.64279929975	5.27820435116	3.75596009907	0.55314199524	0.567035171643
3.0790148115	1.34168298059	5.90106112115	3.9989237436	5.79873351902	0.399949250249
5.8817960527	0.0823365206207	5.27957880484	0.440882450429	4.06562809047	0.288195782693
0.739612594371	5.63822022507	3.15836199555	0.222200452573	1.28568707068	0.36036458284
5.0443547883	2.6321392257	4.82112604381	0.513437424527	1.77435110079	0.492212780768
1.39382905636	1.70438565737	2.91848155306	0.509683205054	3.2274296785	0.644394299796
5.16537828162	5.79070896626	0.437669003259	2.27582782861	3.61477930891	0.400884532379
3.43657484319	5.36660496453	2.54009239113	3.00096305177	2.83883990591	0.906708313415
1.97670137083	1.62667894716	2.7015599342	4.56591735174	5.0748148996	0.676627924713
4.50637425182	3.91954846678	5.18203108216	5.97848590845	4.48084512287	0.417706180753
2.3833145403	2.93592732718	2.58377330196	2.30769809697	0.5049968445	0.815529402305
2.79141062027	5.34456308251	5.69999678705	1.29743018131	0.241057008666	0.352845966455
1.32122495958	3.15230061689	3.91248064655	1.30274248169	1.80820109643	0.770702826177
3.83261711334	5.96860652356	5.79999599141	4.72556585403	3.19070388196	0.394324892111
5.62949982726	0.920466043026	2.49235498434	3.05045041357	4.28777088598	0.550741664007
4.00898461467	3.29605041836	4.02140479694	5.33222072819	2.22746443371	0.758435991291
1.03964621727	2.09180824446	3.1616505436	2.91760932932	5.91027646138	0.550344786526
0.698712294564	3.58706620757	6.01267744414	1.14238720498	3.53899801848	0.426293049745
4.42942261221	4.21133033539	0.113613439253	0.943178469785	5.71216129972	0.351764240117
5.12237817458	3.94146387818	0.931292222823	4.15087962638	0.0634856278857	0.406206249988
5.15222402709	2.3752215855	1.46296385492	3.28571263062	5.68319805721	0.508489745741
2.06998186654	0.774437223102	4.96170396178	3.07651220117	1.14312886901	0.551871191427
3.32302572171	4.7040645625	3.23633077507	4.98038360412	1.83377277865	0.749285984597
0.140604812811	2.07742772163	0.341999494296	0.732820718887	3.8433934592	0.371144804509
5.81156006753	4.66623291581	1.2366268875	3.92844743632	1.06304145679	0.427268079332
0.627160460295	2.15172871057	0.69751643445	5.64143387821	3.40411225312	0.420312141092
3.76977154042	4.90314180955	0.972593674796	1.19203600528	1.156398281	0.500188208727
0.323458998288	3.82974879788	1.1772949375	0.936407657647	3.08955516677	0.489211850625
3.38289296793	1.60847165541	3.57744129635	1.53324222023	5.85331162405	0.564679451064
5.78798863951	3.47159968773	2.50501568718	3.68052674361	4.25181026415	0.654859893117
1.00284632801	4.80184035498	5.04680112558	2.12328774107	3.72812865875	0.564224487697
0.84694869439	5.19087949604	1.30269798233	0.638985965149	4.61492823132	0.392175356581
5.8731612528	4.71103070113	4.92846384623	3.30664905406	3.55645860539	0.492481427078
3.59390929241	3.57747071184	4.37760611284	4.96041057126	5.15577450811	0.622100521257
5.9965263827	1.0574412289	3.8846973441	0.775163968199	1.33395832399	0.38079303442
5.50439384397	4.18889040606	4.73123440442	1.31931262115	3.51638254346	0.532652036352
1.97586929043	1.48853656776	0.570030207879	5.33972585607	1.1837915039	0.434573843374
5.05987196285	4.1990499428	0.936371568027	3.38083715622	0.94740360308	0.518200645127
1.67460387945	2.90070211508	0.787825027575	2.6471395913	4.248017334	0.749495357904
1.3816941966	1.91603883992	5.74208261315	0.223928405915	3.6491699235	0.409150275847
1.98143796858	3.39551028804	0.524079308947	3.24174717558	3.45567565069	0.794270938733
0.456377470358	0.197037825501	0.589881527008	2.65728819383	5.90045271144	0.297041223827
2.39261668991	2.02933202421	0.199329134302	5.8250469569	2.68585615619	0.449752629548
3.18194027054	5.28797523622	2.14402947946	3.77643355306	2.15621334312	0.811988624874
0.93865467639	5.16526186558	3.55454517788	4.07171508656	1.19401441593	0.536044115554
2.99406244858	2.99457579171	1.24775759299	0.682232635692	1.03461698488	0.577861187422
5.80403140209	3.93656655823	5.00183837591	5.73788879033	0.575027906907	0.321299276846
1.51756718282	5.82221869609	2.78236211739	1.96290310552	4.35229823987	0.552053933518
5.59449297599	3.70608449187	3.82534027882	0.914996436751	2.09298630388	0.553065244354
0.23529928604	2.19321506615	0.363725603012	0.763312631785	2.40279020842	0.390566345146
5.94790797425	3.04414178938	4.79124087428	2.4822566128	4.90550763134	0.480776827506
4.02185157059	1.31419360254	5.23357989386	0.70211661894	2.96532299681	0.522016747699
0.65194386534	3.75029532716	4.5514666287	5.63812994568	3.18207666239	0.488370890126
5.23409214706	3.7179011019	1.26997545599	3.07287520891	4.80247885924	0.596880387798
3.72981598253	2.37524870076	1.94823328271	2.62901144179	4.86112385093	0.940683040883
3.02347531338	1.65832782353	5.94637229368	4.40533515	5.10320947283	0.457034172164
1.21287840952	5.78379981848	3.05441275956	2.93515500729	5.80302954884	0.42003596271
3.58795402002	5.89487029866	1.81284313349	2.16892997416	1.33352948774	0.537544622538
1.61014557978	3.42557428792	4.85909891516	0.0926542662778	4.98433829922	0.435553059232
2.28850839688	1.56980973193	0.48753454882	2.86666276284	0.683924565569	0.519584938931
5.53163206649	4.15690653311	1.95748472948	2.59662469525	3.40424247276	0.706186992921
1.02067221979	3.46374962213	1.70849438925	3.8736399979	1.14832824613	0.666990199328
3.04862387311	4.20109072522	4.30664729953	5.11672614716	3.07534772858	0.791232057604
1.02753352095	5.82237076709	4.04792515673	3.77050044119	3.79754667413	0.521259584691
5.72521080756	1.61604566068	5.47830397933	2.22654985827	5.3316688012	0.377088144077
5.97109012695	4.25711440104	0.369251874559	5.72015800264	4.50488859762	0.312573277825
5.97185321755	0.35057033815	1.51143465775	5.66428658067	3.20278764962	0.331051706514
0.439205766606	3.99977108746	0.745166594675	0.889531895543	0.642324114163	0.361608800456
1.03763129817	0.544075252153	3.37263021718	2.7167976778	6.03553023008	0.411252562651
1.00257959696	2.99786510726	5.4684895105	2.80849855418	4.34818783184	0.590408813964
3.68221299905	5.94772570199	1.43119575863	1.80014609889	5.65803935777	0.398081711914
5.78691229409	1.8892159869	5.08875511971	2.6220044619	5.41672191309	0.410727468057
3.76888963293	4.11931177393	4.41976792463	2.44754387413	5.92779842067	0.563793123166
0.793465578296	5.54059187303	0.516611662458	2.71479484393	4.82037956082	0.386313043511
3.97945047685	4.80103230789	3.57274399401	2.71444146456	4.27710374307	0.88939375297
5.89812298314	5.39656669941	2.53489269486	4.94088216325	2.61543944103	0.429666144794
5.32190695133	2.19505706442	4.1143031316	2.34544481772	0.409585584389	0.514945101828
3.83838290604	2.69281075045	1.07239179706	1.81587155367	0.194383055921	0.53229511285
5.79771474697	4.38701147183	4.02522060172	2.36383034827	5.81841611517	0.414074094678
2.50497056157	2.51042577937	2.92231555629	1.39270440122	0.085192026531	0.603490227824
1.0829480496	3.75405699102	0.926576008016	4.55007181687	0.716937638093	0.472637288923
5.03855947781	4.11100691834	4.8858021748	3.34404029633	5.89609001055	0.445394380899
1.63914133126	1.26559876287	3.15720637056	1.50852148214	5.26150777614	0.580594553627
5.187277008	5.58464474236	1.69143958181	3.4211712208	2.21880415815	0.527299573327
2.42871381359	3.54140217562	5.33472073377	3.56665064233	3.60156102125	0.85081953669
1.51327111238	4.08246594839	4.45984935197	4.55100547154	2.58178412775	0.763721521066
4.01592007908	2.25933524772	2.93887504693	3.39455895527	4.44728800801	1.13189605683
5.28711258777	4.52087234168	0.883074888102	1.42335182514	4.18717816263	0.477999589569
1.14120713237	0.0828460172585	1.9489865713	3.58959326129	4.90034925525	0.453957888252
3.1338985471	3.80282989669	1.59769341302	5.86507724236	4.87123552521	0.517086652096
5.0030875122	5.1325197911	5.62439057617	5.30423143171	2.20760325199	0.379006076687
2.98528728848	5.71398438355	5.56124662237	5.90138110743	5.34792367959	0.30435220709
1.92375934528	1.83536644451	0.97757842181	4.7262830743	5.23542227619	0.510672537423
0.394210365611	1.82856672465	1.17414308458	2.44155110375	4.40891083721	0.532111776961
4.93420097121	4.12712153896	2.59477631328	3.18814727033	2.42519045898	0.948627279348
3.06865179483	1.92723768066	0.37237541479	5.5198926771	5.3649177593	0.39995779428
5.54490869036	2.45495183247	1.30079142272	0.122697933621	1.15363368028	0.379522725293
2.17301641683	4.94208926341	0.916174334048	1.22797577754	3.84078083286	0.566735219648
1.42970198364	2.63775605346	4.22289569246	5.84755820133	4.48837499597	0.515029109504
3.68117145646	3.11821883891	0.668127296376	3.75277795037	2.53740626508	0.854973557722
4.42676438974	5.5189502137	5.01800937609	3.71363336661	0.109989681673	0.38001774191
5.55754423262	3.51833385585	1.95315531786	2.8223813045	2.69584784807	0.767480723731
0.651800716829	0.843056213383	1.2101584863	3.78946365873	2.75387605811	0.524829448182
2.49168587041	2.01776581407	2.28833939598	2.88849901075	4.18480766056	1.2276220266
3.28577808152	3.82171695615	4.66022146619	0.438611336625	2.17494829849	0.634733423632
0.273254926566	0.614501269801	2.08281481625	5.69582040519	3.49450922822	0.377658357253
4.17798622595	3.66471755021	2.46490727041	4.24697689918	0.774019998519	0.733903825704
2.92709209122	2.15262956456	5.11529143474	0.152249369665	5.86611319356	0.377044070488
5.40805316391	5.23439942366	4.89555860994	0.271214725642	1.85883387534	0.355455301792
2.09249466167	2.32741283668	4.91507106561	1.43260217947	2.71584894875	0.801223348484
5.60903558227	5.07320209237	3.0985667995	3.30851019977	5.01154538719	0.493670103009
0.846855059364	3.8507752419	4.89942225828	3.53216042949	4.37450082731	0.61957470149
1.7111156565	2.72535407367	2.92134290285	0.848541414626	0.385801157429	0.549280036999
5.42010162351	4.75551471768	4.75398794583	5.68425352954	0.169199375364	0.310232908131
4.05070669761	1.40619978735	5.34196618102	5.09730404534	3.10018865607	0.53944091791
4.7120128595	1.76347923923	2.56721934703	4.73616693117	4.1126749261	0.719445587261
2.03844509406	3.7809123157	3.77691836703	2.62682180961	3.45471171038	1.33617694372
3.52298691806	2.20996325005	0.983356086416	2.21648549654	3.48918897041	0.924408621914
1.0320465268	4.04366383761	3.53652436703	2.000918035	5.18294592776	0.624478904696
3.96047385806	0.763124232974	5.31423463864	3.64163781184	5.75674494097	0.411638723608
4.25056156283	2.59426116113	3.16717954099	0.785894538324	5.68304771521	0.53029340126
4.05770337021	3.17055471612	3.19985659686	0.14105129851	4.91577968856	0.554582956229
2.32502363741	3.77222629472	3.52753910627	1.1941378801	0.245431604952	0.582105751778
2.04277316146	5.44934377692	4.47608861277	4.37114063178	1.41419687173	0.540856168283
0.556803107295	4.77020459898	5.86242505758	1.27940649847	0.269764981359	0.305708141046
5.85817206719	1.80981125587	4.19988803729	0.133972823741	4.99140309675	0.354544222942
1.62493035964	3.23126865624	4.83862680448	3.81297523981	4.02151194782	0.831305942085
4.23245246168	0.0896440889958	0.252986912517	5.41132615916	0.421280474425	0.285718532804
4.08916708484	3.36841029508	5.57002486873	5.30821634135	3.87481029096	0.525756975286
2.75795689937	5.64612410745	0.0901550132016	0.466894504916	3.9865055801	0.358197336236
1.93042482001	5.59832339195	3.7598676462	1.28207468284	3.76976126033	0.587665806275
5.91378163589	3.2884122996	1.77846858501	2.06853496845	1.87705010914	0.581595267598
4.10292773479	3.0092501291	3.37236302531	3.60858225104	4.44411912112	1.13493957507
2.02109797064	2.42714962604	0.886512854835	3.4278959131	2.46301382303	0.890893699567
0.673564707287	4.2773647172	2.25564137305	2.40268777947	1.849347745	0.700338274542
2.22729900138	1.20002485073	4.23531252631	1.46914880844	1.26222049672	0.635875158966
2.39652509993	3.03179122892	4.82822067836	2.63785178008	2.4256283186	1.09067457831
1.67157506586	4.24445636326	3.21704929769	1.75964906053	3.65241662298	0.968559329604
4.57911296084	4.84281371627	1.20301975786	5.76030701483	4.99750343775	0.388681396755
1.71573932649	0.644516913277	6.02969901682	0.68325847385	5.78938955804	0.289647805637
4.26171532073	3.91217326595	4.10943321503	0.379666272999	1.90776651282	0.598302597307
1.85238195775	3.1336485295	2.16895057572	2.48692808959	5.00939207249	0.882890606065
1.68284579068	1.55486418218	2.1047916468	4.24623215639	4.43162063616	0.756009730829
5.15289153901	4.72400159551	5.50273127483	5.77167747051	4.64658420863	0.341714182679
0.799258759346	4.02023735691	1.6894540123	0.604186728484	0.411053469648	0.399293371676
5.30461804136	4.18940695342	1.99402646492	5.90246065269	5.67272088081	0.353286349064
1.11227912607	4.71744770813	1.56735028629	3.95135284236	2.97220297183	0.691015909711
4.61453882153	4.88617578655	2.74425293319	3.51550734252	3.38902971988	0.858598067336
6.03926080334	1.15177120875	3.65249979115	5.59246800361	5.14856614052	0.339950600004
3.86963204361	0.61395934044	5.32746681826	4.15420822614	0.331483296949	0.394948923428
2.66441124485	5.054245944	2.4461163857	2.0543373927	2.25342506678	0.901633159675
3.09945156898	1.12794613122	4.86420574248	3.95939069882	1.12929311916	0.609395138719
3.33284335626	2.98236654456	2.75699496474	5.40935122	3.59802140838	0.88239835937
0.805064982724	0.397940363792	5.59555811897	5.16268552592	0.838519911028	0.306048302016
2.7012576958	1.09986613446	6.0043957023	3.03356952007	1.42075554198	0.494528311814
3.5311833579	1.07025206794	0.720987632626	0.130004588809	5.2983050705	0.360762593505
0.984597292648	4.926613326	1.66623272337	3.95413285968	4.73815874629	0.541002952721
2.62644541391	1.57510361195	3.88082299828	4.05431815389	4.70449708102	0.835937350029
4.88592154171	2.54874766381	4.70762423726	5.00236006335	3.64806758404	0.620896391558
3.53001795144	1.58996463136	6.0396753807	4.23856434835	4.79937462765	0.469912978409
2.14768669833	3.14008597295	1.3287978556	3.50195727273	4.20550716327	0.976163333486
3.03929648965	2.81161404244	3.12099888252	4.8762045751	5.02509026606	0.789091074341
2.59712622393	4.51131309333	5.60016551713	0.305571508486	5.19351052271	0.380536783016
5.51429070377	4.79890570859	0.425844408138	1.39424168926	2.1990948033	0.409770478967
5.34437392506	2.04751525394	1.92292808475	1.33479535612	3.5445734296	0.639677932751
1.24572391552	4.75863546532	0.329619420071	1.05528446585	3.33799729846	0.450503690964
3.26999856637	2.41484305233	4.36251562852	5.02091493416	1.3317010809	0.707259836906
1.62432058144	2.67004043327	2.36472307025	1.40631873812	3.06595060744	1.00511468661
3.78539204779	5.82244546969	4.76382250361	1.82395588551	1.38848717425	0.483695535994
2.19983109206	3.78287013708	3.30780229598	1.43790128435	1.08119828522	0.801934226589
4.82513544737	0.843334320648	0.475894534374	3.3848761862	1.4306887041	0.455284209517
5.55823158375	5.16111304875	3.62169185161	0.106065516682	0.304986958011	0.310179361179
1.80565707253	5.44667485054	4.48842126388	3.27760138302	5.00268966539	0.534305080819
2.50694782503	4.67171811723	2.72813874341	1.73580466944	2.72342083074	1.02183285641
1.31541344318	2.21335386688	0.971544890225	2.14166023875	3.44914021707	0.740206245
1.31878095314	3.54843906203	2.05066685193	1.19535535241	5.29326687433	0.569984667531
0.91640217982	3.0118201585	4.56070782103	2.8813862249	4.53519963637	0.706801911565
4.24100154782	1.50898494202	3.58266751615	1.42117601335	2.99549714281	0.862409644408
5.89680791271	2.85200832959	1.49797883666	2.24960932147	0.472958543486	0.442116164711
4.73615909029	0.222866873945	2.27838457623	3.5223682876	3.90876862128	0.576495982933
3.98392155862	4.16261718111	2.7712538052	3.71066968373	3.47012000104	1.23484697975
4.73816923224	3.61037059813	4.16302126509	1.02179925401	0.326846493426	0.480643734895
1.79619351817	1.31159430962	5.0616131039	0.963804491164	3.93277573642	0.538610999074
4.73260342988	1.06023084803	4.21214645624	0.232730577731	6.03286940024	0.332336380756
2.32160004265	5.80999328774	4.78441710596	3.17277604449	5.45531946666	0.442499835998
1.17350167196	3.27286446103	4.01149857934	5.98989144531	6.02601654518	0.363241321939
1.65870692689	4.15611702894	4.18709537443	3.4309521448	5.85135603342	0.559884705375
4.14506525584	5.57848803493	5.1555111592	4.52334391511	5.35234688386	0.392771189392
2.67050813077	1.87496130156	3.02522178211	4.07017224416	0.190575305538	0.648800902264
0.496063900921	5.39929622349	3.74487743731	1.77729788561	0.345723176447	0.38282865453
6.00805347924	1.48801133127	2.30348509741	4.09550964812	3.71559632424	0.539611592876
3.18978567355	0.71390323108	5.94974633493	2.63392073465	4.44956071577	0.471731473158
5.01785504197	3.22014867212	5.98140822764	3.35862543452	0.225172654212	0.387037668358
5.884393213	4.12521534534	1.627579756	4.3912776623	5.2649622787	0.424897664467
2.90136126937	2.85474828968	3.30739771565	4.06684132053	4.84973552139	1.03252527765
4.4253256635	3.27958534075	0.214555839195	0.329214027384	2.6923167102	0.452566768839
2.29563421694	0.903623985823	2.32066303974	3.27209868551	1.89253547586	0.858152710047
0.361596641577	5.18488273831	1.43629468971	2.27635061211	2.17898166903	0.490730139664
2.60096924921	1.34098909649	2.68585416388	2.76737642815	3.77309805312	1.15446450498
1.65111715633	1.73071293807	3.52799610505	1.03366858162	5.42646598856	0.541607627628
3.82445065459	4.64205397421	5.3840330603	0.415550988574	3.96293981745	0.461546196626
5.33750718053	5.63613354064	4.62924755023	5.85176688751	4.21064001554	0.337088373416
3.90561265977	0.422211457589	5.68958958996	1.59108327255	1.24014076652	0.403532180321
3.51774988704	1.75470789199	2.28828736145	2.48714169188	2.09916434742	1.19049308742
0.314773595398	0.245712907854	5.43351134498	4.87503722133	3.75703460141	0.335487367268
1.8515526813	3.12284288958	4.40761328861	4.97461899498	3.14560574818	0.817279378368
2.70523590645	5.2177466437	4.60391039183	4.91057048693	1.56121066011	0.546501574657
2.10069733009	3.34708395189	4.57251872041	3.55480734339	5.14757095956	0.75064368245
4.89334944626	3.2271371632	1.70699324758	1.56740981599	0.769253961869	0.576808633642
2.79405685086	0.803026422978	0.865366670651	1.32829319893	4.19099655962	0.536514035667
1.43834720677	1.34122271076	0.450096375985	3.16760060664	1.12348253256	0.49402921716
2.77245685526	5.37606479343	0.862559663881	0.833139172006	1.98118702146	0.476204610195
2.31801982032	0.2682299856	4.87654415287	4.61464265598	1.44380431668	0.465594905304
0.338703867249	2.60372452757	5.3665636008	2.98209645549	1.4395929751	0.493209850444
2.23506546287	4.66668217032	3.71709798677	1.81458280675	2.87103300208	0.970965204741
1.11940609475	3.44546920543	3.80323638636	3.37491773634	0.30539616258	0.595886544243
5.42978267275	4.13353565731	0.84519489264	3.64703822349	3.28801433319	0.576916108686
0.159981664484	1.60453983027	2.90418535722	2.94314213903	2.40894357228	0.650416056435
1.2359119264	5.69331399772	5.51713109139	5.2983879587	4.01475994419	0.356961560114
1.97112855189	2.0818626467	1.21309840749	1.06736940738	5.16883143206	0.53956463594
0.14728312837	1.34720147176	0.526571915063	0.494460712116	5.66778513491	0.28262648905
1.78047337508	1.07984207878	1.13388065461	4.01538055473	3.74493761054	0.65605679558
2.14922850583	1.08773547067	0.638183507739	1.62357401826	5.15816149274	0.46487941932
5.32666617059	0.0716155012181	3.0157040681	0.412592424228	1.16932449142	0.344410627966
0.100505205652	1.64169153311	5.69894916187	0.230804228536	4.05849492223	0.319231237517
1.00993634503	0.617377888179	0.326474174608	2.19783322989	4.69342899112	0.395316994356
1.61242331504	0.562124191742	5.81049008017	2.76434182234	1.43959382093	0.429962093835
2.06125304511	4.94136345952	5.78953418872	4.97582722965	5.00927152401	0.394124328053
2.31630256991	4.41314715603	0.848352916629	4.05481426611	1.2986204158	0.621066403833
1.69442923653	5.47214305898	2.80190632621	1.22619381047	4.37784185768	0.558656595972
5.04703046861	2.11572150046	1.52690205596	4.95810930255	2.49450828105	0.616066509053
2.46198474521	2.18287759966	2.80706798321	1.71581894678	4.27534963333	1.07874750424
4.07139159513	4.4376589725	0.759028269236	0.640645175345	4.1045983439	0.499415926597
2.17987629975	4.52480991668	5.07121948423	2.01924930178	6.009418957	0.448308410483
5.65474273077	2.78053921384	5.25913183521	1.78704907324	0.822057636214	0.427091588989
1.3041093327	3.75482148579	3.40335686657	4.56615150224	4.01396653852	0.827167074253
0.773574725924	0.66573633362	0.354086589701	3.05071456873	1.87874580158	0.422540024326
2.71799631384	3.14539094989	4.22350540246	3.61562398055	1.88923467704	1.21796410849
0.426873466144	2.9204604676	3.09891288099	2.58114385849	3.0988079739	0.845859530553
1.56693693974	1.08451163789	2.08798349276	0.0920417057195	0.798871016333	0.40232172216
1.91241240377	2.4226145299	5.54844692562	2.14567323461	6.03143578535	0.43610458131
0.470998939894	1.93445289295	4.43559107154	5.33045620511	1.56563977716	0.452886775323
3.08193224947	0.138906041343	5.44563783727	0.49683324196	4.52639370232	0.360108122232
0.903285116171	0.908694945315	5.90340979188	4.60677203517	5.95457683187	0.298411265728
4.21070804229	4.04597853838	0.899822679224	4.92502206372	3.57368126124	0.62478718263
2.77514772812	3.98602959091	5.61413769192	2.471767775	3.99458509932	0.707976752709
2.91976167188	1.42717144811	2.37585328052	3.81694870793	4.71185441422	0.872019178142
3.29021828898	1.01701554131	2.45290401861	0.515297598039	1.30811761996	0.544900330923
4.37227192273	0.762166778036	4.81320709183	0.150442255144	2.73890899724	0.42795586474
5.38318878168	3.96664862682	1.79632692364	5.46069103162	4.55548741715	0.464309273496
2.60883450937	4.04061240265	1.71230233855	1.37523424274	1.65693417299	0.810521249078
1.67189985685	2.37377392814	5.43095146195	2.04155393828	3.12732753405	0.71426707968
4.17773890775	5.88291443752	4.37860682804	1.68870956762	4.87595267607	0.457927825694
4.99154267482	3.25255286162	1.574161849	5.21598312812	0.106762328541	0.410771327003
1.56149926985	3.3269855598	1.90121872769	3.66706182757	5.51501941702	0.659899688309
2.60948561871	5.15150702888	0.226432614219	1.53436925954	3.41716931583	0.505145826419
1.45492096493	1.5546846242	4.25133967954	1.57191533563	4.36205346452	0.669493168516
4.81290315221	2.25564265884	5.7832050993	1.95299619335	2.21949570228	0.546677505418
1.30057064865	4.31398159246	4.44772551185	3.54226761061	2.80762771253	0.830455930751
1.82768479335	2.08752480305	5.185622598	3.93442567348	5.92701721003	0.466756196427
2.60935706596	1.66115335125	2.80738172488	2.1287034457	4.23883934347	1.07803988335
1.73960087504	3.83536001302	2.20759847175	2.62709629101	4.05014374657	1.0921571423
4.97513370215	2.22689755287	2.84784559744	0.957870757508	0.294516705677	0.475920262348
2.36990155185	0.581908057031	4.72782668209	5.61570058164	5.60004409152	0.359302566445
5.35302054879	5.36645826303	5.92667158328	1.7299984889	4.42242453136	0.352877670665
2.17661839212	3.42778219068	1.159587909	1.22403590222	2.4170146541	0.784806649948
2.43140553376	4.34110237047	2.48306486643	3.87156075203	0.484698856513	0.690825518775
4.62728395852	3.91165675572	3.16672569632	3.77186237162	0.452236600241	0.64127892805
1.18834387591	5.91304852514	4.7356688386	3.66485155904	0.583373920131	0.383691497628
4.34824371722	4.69920104821	5.10441390815	1.30093769108	3.85457558429	0.563357576668
2.00085002459	0.72545542331	1.49449927244	4.65698591243	0.420435913263	0.437864041919
1.44217125295	3.47191871631	5.17495814973	3.96306350517	1.73260075603	0.670521144429
0.500674095576	5.54354131387	4.63081916359	5.89955870795	0.178585729063	0.27215607113
0.469127259289	4.41489888199	4.02857177845	1.66194450891	3.61297433898	0.601274258281
0.0695179455308	4.01806291165	2.34405965232	0.25383434476	1.31659580668	0.393240813507
1.19805401006	3.75364144821	4.05547495508	0.910494696521	5.88530303626	0.442086293511
3.20342808324	0.209435167438	1.59018497336	5.32894202772	3.34964124176	0.491100438794
1.42551402319	0.473751293023	0.967709890403	3.21091580766	5.38365884613	0.421630368454
1.5789432855	0.917844461308	4.48645601893	3.36551114083	1.7924535599	0.659800685353
2.587293573	5.06096167412	0.964499684802	5.19338732517	1.44895088341	0.481281692331
5.50116157726	0.90449452914	4.18109179046	0.134083216553	4.49634149987	0.363709804908
0.416497119706	0.372069547775	4.81605205514	3.14754116601	4.7479610933	0.400710266311
4.27922678325	4.75208694477	0.535765445263	0.334781363547	4.82218155244	0.381644170899
0.951115253768	4.14142680248	0.974356261038	1.04014393919	0.157348318755	0.376992583472
0.615757028146	4.40024846932	3.8609509847	5.92167652096	3.86023666471	0.44125276056
1.84883823273	1.82471081885	0.520308964328	2.32999038183	5.77025922988	0.454988141559
3.08201417714	0.799863181586	1.07977798159	6.04553092842	5.29806109123	0.355986861517
4.52796362467	6.01438755836	5.44219484432	1.98342604401	2.76557090014	0.426005044093
4.36684533104	5.70069055218	4.31397268774	2.6662130716	1.28634522716	0.528079401359
3.00257549088	5.7203856407	1.53193735878	1.89053099334	3.4183731998	0.626500853399
1.20562720284	2.2169212145	1.3275577934	3.51944267638	1.48765550443	0.704867892747
4.93089329329	5.8840621617	4.25594651045	3.73629363577	5.74303480332	0.374673097488
1.20475356154	2.1139159877	1.81561699158	1.78762182889	1.66344025818	0.731685694751
4.63416637627	0.740123696191	1.04563357488	1.98566970382	0.634990542175	0.430677605792
0.324496968211	0.35984941998	4.88416082596	2.65179615184	1.57991591742	0.402955139245
4.18578474806	2.40525703203	2.61242070875	3.54576081403	0.583809758857	0.766527138318
4.9859960186	1.98565723447	3.21607710993	2.8420032647	4.42917572548	0.827316880085
0.406768312267	0.443209168156	2.51138511741	0.956877249825	3.35523661253	0.438571137378
3.40453201774	1.68768672647	1.96902235241	1.67413538749	5.89625474688	0.552640813673
5.52730042882	5.94745175085	4.61706721924	4.2446007551	4.59507101381	0.373372447315
1.6324163624	1.48762794626	2.46794690858	2.20294997679	3.44450802239	0.973377080888
5.43289007905	1.15113770214	3.24169892958	1.02481333582	3.28506653512	0.544120275671
3.52013679496	1.19850795194	5.00615233842	3.23451961716	4.88851513492	0.618733316022
3.85663660309	3.82402698296	4.29422658943	2.69646187348	0.848642903383	0.780741179104
2.31839109092	5.34478758877	2.07359930469	4.16970688561	2.23020336293	0.725603109222
5.16793754684	3.52986493369	2.01082997624	0.206747123823	0.123837996714	0.369908164771
3.41156635637	2.25485154101	5.98812800531	2.96976291935	5.30135004065	0.501236340576
5.6743129179	2.62380115475	3.20503149011	3.13164518692	4.74245174521	0.649815579505
3.20335321772	3.1277302336	3.3632104311	3.88293015006	0.173585091709	0.716446504421
2.81275848777	1.86114190426	2.79987750921	2.13466758291	3.34520330281	1.3812017969
0.092879125397	2.99288616174	3.56840754123	4.34670291159	0.168861818183	0.423667028979
5.39379283501	3.22764737048	0.932797675222	4.25795456482	4.14014734046	0.557482631818
4.72319631724	3.39593628753	5.32918929589	2.72940725222	5.41871410353	0.513486934138
5.84883430256	5.98262715942	2.7069605501	5.21925558712	3.71619308695	0.363163304824
3.99019379274	1.18737733344	1.91794253048	2.88803950364	1.46018504757	0.780000884262
4.629579667	0.499482011661	3.34703113662	0.58636022544	5.85270684582	0.357243089086
4.91611231398	0.310554615708	4.05686794936	2.75225565212	5.78618163539	0.40248319081
3.95245260268	4.5766726353	1.58726544368	1.28449363461	2.93743535747	0.749863642352
5.3248352448	4.31670150827	0.833551768153	5.62632594168	5.66213990324	0.324500046871
4.80126720947	4.63819659999	6.0334491158	3.40051103689	3.06851184744	0.492728117357
0.0630647669693	5.94044255202	3.29176161155	4.88534726775	5.00782006774	0.333970197276
2.04241985586	3.51696121441	1.34493937484	5.83151027434	1.59281204324	0.528511541243
2.02890243588	2.77315967236	2.92024746027	2.82173450006	5.41360823965	0.843303229271
4.5052875431	0.350524406917	3.4741269293	5.79278732204	1.78849204478	0.420559993755
5.96378399648	1.24455245677	0.0596915817289	0.302172721897	4.52607625292	0.284752586722
4.36377165966	4.94077988643	5.41392038201	0.940738779596	2.30477730768	0.472201437983
2.9945224031	4.46236118992	6.01638821594	2.69792962326	5.04942033546	0.487127691024
0.789112699445	5.1697636648	2.70173302063	1.89257912251	1.02628917196	0.504877733838
3.21673475125	2.66674542872	3.32373932409	3.93790705599	3.59150537085	1.54026531686
2.22094454382	2.94888630225	2.75034415973	4.17437915257	0.366609140812	0.715011866868
0.176641536607	5.42460645514	4.81405157804	4.63711228982	3.68070802618	0.395501523444
1.41691975326	3.56854740694	5.69460524757	5.52184628217	2.71455476092	0.464436380559
5.6111975949	2.83272415188	3.68689407671	3.47556797863	3.31136177778	0.791059845351
4.15769035096	4.65108781139	1.01106054852	0.549068699391	5.46634689593	0.398213624786
0.853347310549	4.61143823892	4.34685739224	2.81526088208	5.37204413057	0.508140468718
3.16653960149	3.77943797945	2.43113073805	3.0095401215	1.39309445723	1.17080832814
5.0619675707	0.427219662895	2.55667260369	0.100066840271	3.00046891299	0.408545786614
2.80339351031	0.415199166859	1.73765739056	3.57645724636	3.38204397746	0.72507804102
5.66570903638	1.21910604377	1.2923442269	1.20468875367	2.3717502656	0.458473396415
4.67204664483	2.70183509137	2.32274045029	3.26433836191	6.03334718028	0.567717558162
3.83286138952	1.42939276226	5.15095212257	1.41692984076	2.49458481697	0.643144064429
2.80308947865	4.7170410915	2.09489419233	1.5675567012	5.93963061824	0.512832548282
3.84909216277	2.04203706533	4.71926321114	5.89189954785	0.292511840652	0.39544304716
1.74884143746	0.146300791511	5.67433669449	5.85008338382	4.77509823407	0.30179547746
4.87922553506	1.7050469626	1.58546319574	1.82163045905	2.74852236152	0.732005361322
1.05548177466	5.8945192901	5.03303470949	4.20206455212	0.0843795639414	0.320118573005
3.61677885035	1.96018649487	0.348713964992	2.0603162855	1.70589254961	0.623104768757
3.74879952804	3.68122880447	4.68873126525	1.99222748161	1.54756028017	0.833210206247
0.277768134128	5.8995452625	4.01190137086	2.67401517194	1.56923748936	0.416750000776
4.29396829363	4.99716949553	5.88889248056	1.49812230306	4.93239158126	0.400023784728
5.69214835716	2.36964570494	1.01653332198	5.81821229068	2.35075116544	0.40091418149
3.70252606159	5.13328607304	0.751934249957	5.80131830176	0.338937796769	0.333034842747
0.904852087785	3.26376431655	3.14443274311	1.73847059495	0.874224552375	0.641418102578
3.27723458682	2.80870201739	2.6912417474	1.29762078211	5.80962880492	0.624965056025
2.41336321251	1.44828028248	5.7238107243	3.20440087329	5.27450277695	0.490526359848
4.06437685038	3.78977155018	2.77760089157	1.44837397419	2.96027215458	1.08516126748
1.98173478905	4.66626130606	5.4975597519	3.45838986501	1.99821663358	0.614825155677
1.32526081374	2.58429117003	0.426824899615	3.61569461736	5.03941192884	0.522545864516
0.476384451097	4.52152397564	5.98283260314	0.888445504456	4.31583756332	0.34757158155
5.80546105685	5.7910463201	1.8619638384	5.43754211806	2.19142954428	0.350249504495
0.693279861086	1.01750590268	4.82625813164	5.57446380435	3.24702915033	0.411940563728
0.723205939623	4.47995567445	5.0055497932	0.130687826407	2.84505000279	0.405626003202
4.35914200003	2.15693055177	0.545713698093	0.395266258922	5.01410180158	0.409453490833
3.82364495889	1.12360069028	5.44465672019	4.90615446152	5.55562689804	0.394628855959
5.51432743161	0.226765021067	5.55405734509	5.27268739573	5.93184968366	0.254474073004
2.44237440183	5.67863204456	1.26167277771	6.01460152013	2.58342984109	0.403728016558
0.926051918346	4.14878320325	1.40223194211	2.47004920111	4.24353522719	0.666619826811
5.72713454259	2.18090315905	0.651246390252	3.90877015777	0.657635906073	0.401004778172
1.89410589408	5.56463052332	1.2101218303	2.37242712962	4.09174708591	0.568512758366
3.67403089651	5.23033191153	4.76082269405	2.07574666832	2.13368302518	0.660766289465
0.764150406346	4.86939376012	5.79323625188	4.40688941802	4.65289063915	0.384508750073
2.66686233726	2.42388324108	5.33108276774	3.54403756266	4.08809665095	0.809273020353
5.60922701672	0.138691537427	5.95554428691	5.61487976179	0.838917142579	0.248519636496
2.11458529943	0.114289568442	5.83948742636	1.24373186374	5.74867538984	0.304751067035
3.90363493456	3.69450834528	5.13095772691	0.265630979783	5.52435639397	0.405038223264
0.46358761977	3.56007272174	3.42550014154	2.03863255946	5.89963074728	0.470362341555
1.92477724804	3.00698903605	6.0371787475	4.41395458689	2.59154508312	0.569907389276
4.43906222419	5.50619250202	1.88471362678	2.06737647032	2.26551930162	0.624804233956
0.870941815954	2.89300892285	4.34089923427	2.81156466721	1.67591129839	0.761552830936
4.09860702902	3.32942095834	4.21779097266	3.19097081857	5.59972060723	0.685237164193
3.61150906389	4.05439674226	3.59372182581	3.05150929877	5.86331928038	0.664917846688
1.75667681183	4.8764097225	1.03661745223	5.14556404071	0.699573161206	0.419867355418
3.86956500233	2.63710184443	3.60558735095	2.31346341235	0.79644690702	0.863442052456
2.51037602354	5.64915850982	4.55482513305	1.60390920387	3.14755624232	0.600741459191
